0.23597268326266568 0.3075515476883612 0.40251927960559647 0.5744568588499547
0.27932335137212566 0.25536853405263776 0.15163700221591297 0.07251542920522203
0.22016011499757654 0.3832522598046082 0.10239000110370203 0.058842535556877004
0.2991540869316605 0.7589132399020773 0.5038762049382411 0.4620642374150668
1.2052081469796987 1.099024008652406 1.2401500709535465 1.202132466877567
-0.013076095365231093 -0.08524962419595679 0.06450936399925825 0.12306097908880202
0.18253651480079885 0.17222586946662624 0.18168204000437657 0.418706339381592
0.03953810319072 0.1133042958852126 -0.06221617057289576 0.27935170873320614
0.16932754107151518 0.0018205612959019944 -0.01729156115587651 0.21372153500294552
0.15765123898846373 0.01784933308363743 0.08328829425871918 -0.03525063260264971
0.03392066170879903 0.2682739437813635 0.4271061398455281 0.3688501937254986
0.22354491818840092 0.09345694841229045 -0.10767475103282706 -0.16247976549661594
0.07761219093596604 0.22357779606909187 0.05413453697456535 0.19502368258435365
0.0467562335472921 0.16663588032629373 -0.18654388835266786 0.08890955703817542
-0.0978224889186317 -0.0983208807086318 -0.029622071165264573 0.002668124913364972
0.4755321128487042 0.15894526624631194 0.20553315426972976 0.06943444528862452
-0.03000054962490623 -0.11397207220347214 -0.008586180497484153 -0.023266685446491877
0.9285307980804605 0.9997162207690989 0.9510625315843888 1.008335961993908
0.1601994830573776 0.182210924635746 0.08495914555698257 -0.022987586521412605
0.008771216890298746 -0.0822141791436332 0.2710424261143634 -0.04063843077520062
0.17593152264020478 -0.16420092214955412 -0.27052144756202545 0.05365387230464701
1.134071125305749 1.094239173012744 1.1441547398928698 1.2521803529629691
0.33793362547677425 -0.021608649688112776 0.18369696611475755 -0.25371470180647876
1.0719481259540617 1.4144316090593716 1.4191963050335574 1.4013095287815864
2.5519151195112846 2.1582097259089683 2.4053446807542924 2.385295797869638
0.04442995675567739 0.01687768776593129 0.0648516017299726 -0.061516351000229896
0.3357372826389961 0.2919495805565808 0.03307177609570193 0.3155322820893744
0.15255678681305726 -0.02724553813725844 -0.11802727443955105 -0.0660532950362855
0.29813523586897955 0.06438575942280325 -0.09715477700717043 0.20001368218978963
-0.2493070831179448 -0.020217983516890355 0.1622963154544036 -0.2509777584361622
0.17071319046368214 -0.06761857457129308 -0.033659713054145314 -0.09315347786762056
0.02923716979166859 -0.09557601064040368 0.0924582449509341 0.14640055356469342
0.0699527954351306 0.08010649791854152 0.03880048656242292 -0.0317571303531125
-0.16549445832686452 -0.3426827046145001 0.1865541162819269 -0.03756188947091609
0.5128092876953008 0.38872869174809316 0.6739938929061633 0.2788609522447521
1.0633829808729116 0.9983745649565969 0.8209169891190193 0.7699057444974978
0.2272950854522681 0.5182578957633195 0.7179539845881683 0.5731042813760653
0.26983259849713903 -0.11970072727872554 -0.07493851251698574 0.010912265684686942
0.25682984504272105 0.19753131413320654 0.14398309819101457 0.03978546114941008
0.025366284668765005 0.009532710399525655 -0.4468291678965902 -0.04349913207117442
0.23644046989934964 0.19949582484439735 0.45679884236939045 0.5194444196727358
1.5811717163868624 1.497180517804609 1.7151274276813377 1.490817224286179
-0.06469835438152388 -0.024578057724686186 0.12623585971027043 -0.04740887857595328
0.1408399475224643 -0.15417345213106654 -0.03202494982856184 0.14274655038120018
0.37490796804469306 -0.0021655680008868614 0.2487631211173322 -0.09320012063742415
0.6635993571200914 0.783133376095752 0.5919782381808962 0.6949428242408269
0.5791385794927568 0.6565000046047884 0.3729991482879096 0.5747471119858186
0.10864976020037152 -0.09695578167516068 -0.06123836900627482 0.04372039687768667
-0.019368478091856465 -0.10229756258563762 0.11643498472545957 0.1474160475500285
0.6933365025804318 0.7606390227821379 0.6047329950623709 0.6547370883227462
0.07505485793390029 0.07067346600362795 0.011899555195731956 0.08464691537955474
0.11942297423500149 0.37262395109524277 0.06039346119395332 -0.2288733352278166
-0.19626571853786234 0.0005266356484918378 0.06724091894158929 -0.08247937356525327
0.34222416740208716 -0.009741801546338396 -0.0265333824010317 0.02910170690083904
0.0003954179599130066 -0.030170956461847646 -0.3126764633764174 0.20941294316899092
0.9579437719056301 1.0031275042441594 1.1846029681053418 1.0116425297182237
0.7604355489546042 0.6418436436562848 0.25472842229561493 0.6809297524768362
1.8270187932979949 1.8345756935283828 1.5619762289363626 1.7349427476446142
0.37512310472079224 0.275200820369851 0.287672857274743 0.07456740354881525
1.149229464769583 1.2194374505986065 1.2449784101449453 1.0761923459868064
0.029180111970049105 -0.2008418350627532 -0.24573715756327927 0.026231663660403307
0.3297064461732595 0.14838627506743135 0.02289397765154444 -0.1712720181235215
0.19993185253372373 -0.024770807547486482 -0.1660737008980735 0.09049984817940013
-0.003909601971110297 0.062062649370853616 -0.0716814279410935 0.045796223515336694
