0.23394194986372344 0.30742702945659633 0.401996287314046 0.5744781503459606
0.27850708406169644 0.2556098161709646 0.1514516364644333 0.0729305217498746
0.21909998154414484 0.3832026332131916 0.10225394909630522 0.058860051167258974
0.29651682967458315 0.7586537043606203 0.5034549323683429 0.4619175562115212
1.1973864418775129 1.0983883123708087 1.2382948894125494 1.2020258951526712
-0.013727964269104232 -0.08548512507355384 0.0644950020562051 0.12273425072264882
0.18150254025063112 0.17213478876998348 0.1816550580798647 0.4186740749645698
0.039376582668240886 0.11339549233164688 -0.062213539819306767 0.27947105266835814
0.1693275410715038 0.001820561295901825 -0.017291561155879567 0.21372153500297233
0.15675526556111227 0.01786340837523477 0.08280838327691115 -0.03515347194193023
0.03229602986301978 0.2681201106233731 0.4264642299476443 0.3687596020944537
0.2235449181883923 0.09345694841229177 -0.10767475103281429 -0.16247976549658968
0.07695425952606402 0.22337663731281907 0.05418825483729911 0.1947785606405437
0.04637561096125757 0.16637526206772074 -0.18664070634098262 0.08852992954737886
-0.0978224889186182 -0.09832088070862297 -0.029622071165266342 0.002668124913364964
0.47345508120560553 0.1588182874107606 0.20486131781336256 0.06948432968389787
-0.029771242119478715 -0.11403487634381672 -0.008628144685252227 -0.023359710539345203
0.9227590313998553 0.9993433086492026 0.9499639582762749 1.00838053088128
0.16019948305738535 0.18221092463573105 0.08495914555697169 -0.022987586521411637
0.008771216890299414 -0.08221417914363446 0.2710424261143926 -0.04063843077519929
0.17593152264018516 -0.1642009221495681 -0.2705214475620385 0.0536538723046424
1.127317317209329 1.0938652043647865 1.14238813169877 1.2522128131483212
0.3379336254768214 -0.0216086496881134 0.1836969661147407 -0.25371470180648975
1.0645814898231303 1.4140466970056818 1.4173275664700637 1.4013021499481797
2.536655682084454 2.1572852765726305 2.401619612394413 2.3854697020845386
0.04424203025093135 0.016924408983334343 0.06457547138743754 -0.06147349764327629
0.3357372826389978 0.2919495805565883 0.0330717760957076 0.31553228208938655
0.1525567868130433 -0.027245538137260817 -0.11802727443955402 -0.06605329503629041
0.29693252125202924 0.0641319996850887 -0.09753970692415527 0.1997369812534319
-0.24930708311794703 -0.02021798351689063 0.16229631545437703 -0.2509777584362158
0.17071218525728432 -0.0676217933500028 -0.03366420718202866 -0.09315786534366267
0.02902825702270715 -0.09566448534927961 0.09249279598646504 0.1463611006030485
0.06995279543513942 0.08010649791854305 0.03880048656242429 -0.031757130353107066
-0.16549445832687842 -0.3426827046144884 0.18655411628191995 -0.03756188947091549
0.5095341087141272 0.3886112770807613 0.6731164204458819 0.27905444443352556
1.057662252127122 0.9979777394369463 0.8195281233112317 0.769810358219111
0.22467597736765127 0.5180376633134832 0.7174996129782786 0.5730315146850483
0.26983259849713814 -0.11970072727873055 -0.07493851251699067 0.010912265684686989
0.2552238375064321 0.1974469993585528 0.14337865444693662 0.039759855323279227
0.02536628466876486 0.009532710399524386 -0.44682916789659477 -0.043499132071172335
0.2341062564234752 0.1994278263735728 0.4559227994522836 0.5194651104569904
1.5716295593873089 1.4967099107729291 1.7127785734769707 1.4910783175528357
-0.06469835438151905 -0.024578057724688646 0.12623585971026352 -0.04740887857595725
0.1408399475224391 -0.15417345213104827 -0.03202494982856501 0.142746550381198
0.37302881185706704 -0.0022856554889528016 0.2478936939064702 -0.09316830595002366
0.6604338884485147 0.7831076294795037 0.5913498220335706 0.6952296080996131
0.5756772471820486 0.6561986849286111 0.3719519066765677 0.5745394136054184
0.10864976020037018 -0.09695578167517167 -0.06123836900627852 0.043720396877684024
-0.019368478091858262 -0.1022975625856389 0.11643498472545939 0.14741604755004453
0.6890186799635383 0.7604556370863843 0.6032963833403776 0.6548300069085067
0.07529385912533698 0.07115572335815144 0.01182727664745679 0.08529081930363105
0.11942297423501297 0.3726239510952464 0.06039346119395336 -0.2288733352277942
-0.1962657185378828 0.0005266356484917292 0.06724091894157869 -0.08247937356525147
0.34096889393796864 -0.00990539452646457 -0.026813054864567077 0.029128291045199532
0.0003954179599130022 -0.030170956461844967 -0.31267646337643196 0.2094129431689932
0.9520075356108527 1.0029869197640042 1.1831548562307694 1.0119832103218054
0.7568337806926528 0.6417258774779014 0.25380685552896093 0.6810881370491024
1.8166189586578578 1.8340095781001504 1.5594395742528397 1.7351393337619687
0.37304940631805106 0.2750967042343123 0.28694470734189936 0.07466329383183107
1.1421204166885703 1.2190018149454638 1.2432052096640298 1.076218626318684
0.029177322571114727 -0.20084101182038952 -0.24574427863284218 0.02623461765992347
0.32970606361568644 0.14837668148726937 0.022880946962005936 -0.17128341996973223
0.19993185253371054 -0.024770807547485806 -0.16607370089806436 0.09049984817940246
-0.003909601971109749 0.06206264937085379 -0.0716814279410962 0.045796223515342335
