-0.055095982030218704 0.2001282374776741 0.21100987021692635 -0.15223606776962464
-0.042756879974032616 -0.19922689274630806 -0.05153868782511232 0.14971754260568781
0.07364110444816648 0.15685425426873306 0.22789529066930397 0.0749617175814728
-0.09274717584907195 -0.1215003600962638 -0.16168111286013237 0.015901303046738608
-0.12172470066961932 0.16912126939472827 0.04272968775575077 -0.49154036071153895
-0.012948730663559399 0.34656731513070543 0.06551920948048244 0.18198686648035434
-0.015865620130537734 -0.015280177244951674 -0.05977806381917603 0.014682524241209704
0.15681147110404287 -0.06739529083026556 -0.03944566871894891 -0.21146104250809916
-0.07206672140328034 0.12123633729745688 -0.0022424797152869633 -0.1662419330857364
-0.16439608198902042 -0.024704476535796438 -0.22583432209649926 0.18444855463554738
0.018412425562275094 0.1259778857268314 -0.041085824376563676 0.006440417861381672
0.42841200858705963 0.16003179965018288 0.4319779474319231 0.14465002906077296
-0.17733366380874419 0.23856662394581987 -0.23153832728694687 0.04033358215483005
-0.08442790547233273 -0.29645447632201266 0.10325640311901609 0.21058689960743218
0.5606692027989134 0.5943309603767547 0.5904443748066506 0.4518253318248058
0.40981407161891925 0.5591357208590924 0.4365677782615953 0.2753829230909722
0.2217050012732754 0.3124131068544211 0.016326306484792674 -0.0648370947487865
0.24879660049137528 0.44013041146601584 0.26936256414972204 0.41480020266159423
-0.050767165715584026 -0.09292404809032517 -0.04959311993420201 -0.0325507971625226
0.0941193037131616 0.1263955501965437 0.016101816499854437 0.274999244568764
-0.3827652089872617 0.05864723629546 0.10402094596165527 0.007922924982389255
-0.02981580330171804 -0.37363169973781013 -0.3765664736745567 0.04802578007898155
0.9287147740291409 0.8502401154319268 1.1735818473890862 1.1032083963637986
0.15652339414292366 0.26237077506326095 0.17333545377385254 -0.05957345231073469
0.26579245545674385 0.13022930067707095 0.11044395803433533 0.07648240618802127
0.245022403463011 0.030732345332749073 0.04746710819549635 -0.20553238153824174
-0.09316630440470233 0.0252049543073344 0.2715201552474033 -0.18181553217918128
0.309593550641663 -0.06304663247320372 -0.09037311409231917 -0.0013730471911071432
0.26095718001489504 0.09316437194269964 0.3277209264927396 0.5506264501597805
-0.15802184102227132 0.12033680061681662 0.08627776428088942 0.043273121029496646
0.2561115741119603 0.4200580091822533 0.2625977732963977 0.4502591408194538
-0.18051388688915454 0.03272842847475826 -0.053302647017293835 0.16234606475723537
-0.028059023708500552 -0.11942075745828766 0.10537483644018028 0.12445842523098555
0.08350498669248962 0.2042491890238914 -0.48371204689139125 0.12196392668108873
0.5995500637186981 0.6379838882538 0.6240688973273337 0.6485538747317663
-0.19740078842358108 0.12421377567782359 0.119221223640073 0.0176004687102913
0.044641197329530063 -0.0880956400168953 -0.1291580613596598 -0.025786610098737072
0.11863564518231973 -0.2993571030795052 0.08135449368322772 0.397854077919057
-0.20602833867256587 -0.011140341418745361 -0.08978172808138782 -0.026316855592116554
0.4140535215000213 0.6197036662494521 0.5198121222561252 0.40492252071379126
-0.13606873893834556 0.1544954825705708 -0.12275781703419142 0.15067289449912516
0.567775396491599 0.6278819036239167 0.5112707633345583 0.5883397000890267
0.12840182733130934 -0.12311823614158715 -0.010548955076838127 0.03450816817678421
-0.15875817676589582 -0.33793962225663493 -0.1626561815108826 -0.2965431775854192
0.447223488668468 0.6803414550205085 0.31754098124614005 0.5565887968111254
0.030172750573066738 0.16912055715463228 0.29854121953754953 0.14081978407766435
-0.022272410355797752 -0.1862597175744453 -0.08456139454214427 -0.06307732664713209
0.011405615865569391 0.14434375709760783 0.02968556423922953 -0.10050295071736653
0.06897409847764942 0.2856438287319621 -0.0876590850221471 0.06254563506102334
-0.06273108693384932 -0.22701792205584548 0.10332190706948177 -0.2119872478754203
0.23460961476392156 0.3010413673515919 0.20439550468975262 0.2309442811690178
0.2193191862010067 -0.059046939593699645 0.021930058525849255 -0.10972156716305324
-0.13748811763896363 -0.5075271870982414 -0.04306688725350175 0.06264011086506868
0.11469568010613085 0.010416485277660035 0.24029155702607585 -0.2817380524565072
0.601737438053857 0.6809918382591175 0.3227999355072972 0.5082990451504916
0.1967639362538846 0.20616871459146202 -0.22637689866616237 -0.09884040624823473
0.15817604284040093 0.12296634274633916 0.3231003471489762 0.1297013150871795
0.12557431177537 0.0577131276214232 0.07141466350354309 0.04240701795304085
0.031002152685372875 0.05497747959440461 0.004124809624456474 0.29211202536686
-0.1846046461509362 -0.1701148313889261 -0.07485648083374476 -0.21196413305181314
0.57383719231091 0.3267668570805279 0.49737439287081164 0.38423171325971195
-0.2593710969504505 0.21808691701839636 -0.04797840635538809 0.09598945578101581
0.876354650688868 0.3992773561188609 0.3401886567813659 0.44942438902411114
0.2586044563473698 0.34310980596770513 0.34554859706454444 0.30537793561743254
