-0.0444171961505833 -0.11926335450346953 0.23967917354495552 0.4370610818585315
0.17707282373501096 0.08676522180958011 0.13766543950114976 -0.019341560945330752
0.12831658847874117 0.16249510173725598 -0.014938787243646707 -0.21043047570865245
-0.0798881772276424 0.24865302989789098 0.1443916536789518 -0.05123228618352997
-0.00063959409649382 -0.02802321462850273 0.4796544159608298 0.46190600928880876
-0.1231069688451893 -0.30100906831900787 -0.05613088702530912 -0.042542744127344316
0.16235805246823928 -0.03401964342454943 0.07932525559551505 0.3129917554977321
-0.03510363188671467 0.002320826323360312 -0.09951069055222787 0.23846483944138053
-0.07345086654838427 -0.23062963601631883 -0.12040508117528566 -0.001278483126846752
-0.015791269433988366 -0.08131877487738824 -0.026933910839967483 -0.06850738024633672
-0.2735939702476484 -0.06560124073817085 0.3452134405727799 0.3152430093873822
0.21242730619970546 0.01619859754144365 -0.1179486803925613 -0.18169733013619058
-0.0004937939258822945 -0.05444894480751204 -0.05736873647209714 -0.052877029166533515
0.013253450270243352 0.09205249683408988 -0.2212790539338975 0.027764443283181523
-0.08886075765286014 -0.09843208181955351 -0.041190816468163666 -0.03367443717563089
0.13423541516104076 -0.16805514383370898 0.02725583135205175 -0.20511203791402627
-0.04825253854312882 -0.19219273503341666 -0.03165306016230868 -0.06315497791311431
0.013794821981746678 0.06642631771509167 0.3805838122355293 0.3477520918019914
0.16019948305738535 0.18221092463573105 0.08432114095239657 -0.021829124944872533
-0.05726628828054201 -0.09381225866546956 0.21620223263158617 -0.071205088563289
0.171795637437369 -0.17156009533046676 -0.2772820659981132 0.05056265134210573
-0.0020677125351288984 -0.01392871994084203 0.5371128209052782 0.4748616884747008
0.34170521404650017 -0.0426532060478733 0.15506713811196104 -0.2571894732218136
-0.26708893860746796 -0.05470351700936552 0.7972316469880203 0.6016137293499443
0.03551023641160456 -0.17901091044462955 1.0741689282685474 0.9355238678171743
-0.009974317035177881 -0.073207540230942 0.021200606178413735 -0.09932964751344771
0.13719285576592455 -0.047558314612294136 -0.18364303122771194 -0.018897947999441445
0.15337374913866597 -0.027119310275816228 -0.1265135771994087 -0.05598890339502789
0.11733970815461921 -0.14953748448233428 -0.2771807808464586 0.041946517378137864
-0.15444669835830416 -0.02244908770873513 0.13951835390219297 -0.27760710949910816
0.16252564205636297 -0.12055551080546863 -0.04001536699061235 -0.08882991181912568
-0.01020582330572231 -0.05963537358636204 0.11483365715011454 0.1249388118750075
0.08522663192004475 0.12980955123335902 0.041681080579638416 -0.012625262661843268
-0.1409090550587715 -0.3705850844372968 0.1205362029075868 -0.05142519438932931
0.01269084635247083 -0.07597975007603974 0.41893425291210407 -0.020857268537001983
0.23259044594557668 0.09631423340871599 0.27513327554374234 0.07497659422627778
-0.1669432866716196 -0.06737567189005889 0.4656761499765894 0.21636115270287512
0.26969304629895197 -0.12025599112066428 -0.07601824397018142 0.011797539565241457
-0.05208897819386836 -0.008766255458747358 0.00012534479108918298 -0.01304587221768234
0.024718403067369353 0.00837026313582015 -0.451370837258702 -0.03958024609780986
-0.08475512277435891 -0.034687340974549175 0.36658039853514585 0.4210629308572651
-0.03969440391391948 -0.0464986101097221 0.9457629510584538 0.5372187594815055
-0.051866437028830856 -0.03942435903292112 0.11224967327724118 -0.04995026162630738
0.1408399475224391 -0.15417345213104827 -0.03202494982856501 0.142746550381198
0.08348757785212733 -0.08769448588547687 0.12225566171093913 -0.12464364308432106
0.12391515506354052 0.1293300638592203 0.30649620518988885 0.1684094017831377
-0.06796485838970323 -0.023025844606680886 -0.04582157701686041 0.1987474395163999
0.10849726358744945 -0.09711564506779255 -0.06138696451454465 0.04284699770979238
-0.05192529464435529 -0.14280679871030144 0.0830390665636712 0.13521576306572958
0.0036639063780493208 0.16467830623044508 0.21546646795102434 0.3275502677355176
-0.05977712262935845 0.16204374376808925 0.04183119381408356 0.2061728656519373
0.079228022113624 0.22749286332017485 0.03267367187374105 -0.2857537674736299
-0.14787444468940247 -0.017343800984994856 0.017847269701476997 -0.10428686399371132
0.27390520838174703 -0.1426926318607995 -0.17042712563671 -0.07973194064438824
-0.035426296320088084 -0.04333909890021424 -0.35804290412744794 0.21256850194495208
-0.17595457395079547 0.04265464998736212 0.7568859698910497 0.5042411431854654
0.10730833677501792 0.09700654737054135 -0.11602348608496962 0.4990821938469905
0.1546543531225213 0.23283305842307347 0.596619366695465 0.7270481521706154
-0.011032061084004393 0.0824294785515752 0.12365417031420096 -0.09236310350126807
0.08057768424808008 0.028412701658006204 0.6024131322261649 0.27522841969435813
0.06141017012921061 -0.10821269264153074 -0.20272520848059455 0.1463681901364282
0.32301861225483813 0.13592353965265191 0.012868562899196075 -0.18950944756017368
0.19667295986459926 -0.059857552224141325 -0.16999411151076543 0.1060368179958345
-0.003921070034393258 0.06206377603344341 -0.07172714125385637 0.04572545886874151
