0.2366572115702103 0.30782544403112716 0.40428538000997444 0.5748604481971018
0.2797215851388141 0.2555179041426921 0.15262171176175174 0.07274218221310517
0.22053623242012146 0.3834046109667086 0.10336550821116089 0.0590646714956285
0.29998429083949996 0.7592523204410998 0.506030236552329 0.4625546217470617
1.2074775242801272 1.099936381757293 1.2459916633589923 1.2034652211918675
-0.013011297377810104 -0.08521759144537423 0.0646953034745892 0.12310038584447563
0.18290209616229777 0.17237523247610573 0.18262382524768525 0.4189199538360486
0.039672565967732616 0.11335633288378862 -0.06187044887964848 0.2794304048468183
0.16932754107151518 0.0018205612959019944 -0.01729156115587651 0.21372153500294552
0.15779847746594555 0.01790409409089558 0.08367160858466481 -0.035163975260080964
0.034286127471871944 0.268419500209999 0.42805369041162245 0.36906750832905316
0.22354491818840092 0.09345694841229045 -0.10767475103282706 -0.16247976549661594
0.07776964788391502 0.22364925623485254 0.054566087781077396 0.1951209668491019
0.04680097380480146 0.16666302382401502 -0.18639543574256143 0.08894210618085574
-0.0978224889186317 -0.0983208807086318 -0.029622071165264573 0.002668124913364972
0.47602470251231577 0.15914043673928746 0.2068006507813648 0.06972374234256942
-0.029988938026912423 -0.11396593550992999 -0.008550042507443968 -0.02325900690772182
0.9303885269355588 1.0004638746763146 0.9558306051330668 1.0094239013943935
0.1601994830573776 0.182210924635746 0.08495914555698257 -0.022987586521412605
0.008771216890298746 -0.0822141791436332 0.2710424261143634 -0.04063843077520062
0.17593152264020478 -0.16420092214955412 -0.27052144756202545 0.05365387230464701
1.136294652457322 1.0951330664785057 1.1498948632480468 1.2534915951223349
0.33793362547677425 -0.021608649688112776 0.18369696611475755 -0.25371470180647876
1.0744319565918055 1.4154283250086188 1.4255953181128849 1.4027706650491487
2.5567252993156275 2.1601372665646728 2.417707649889332 2.3881193927415976
0.04446573754252137 0.016889262357137773 0.06494903557718819 -0.0614933082751508
0.3357372826389961 0.2919495805565808 0.03307177609570193 0.3155322820893744
0.15255678681305726 -0.02724553813725844 -0.11802727443955105 -0.0660532950362855
0.2983988011169043 0.06449642738273559 -0.09645444442402519 0.20017238023464798
-0.2493070831179448 -0.020217983516890355 0.1622963154544036 -0.2509777584361622
0.17071319046368214 -0.06761857457129308 -0.033659713054145314 -0.09315347786762056
0.029343416484432755 -0.09553043418622405 0.09272855904320843 0.1464631239692293
0.0699527954351306 0.08010649791854152 0.03880048656242292 -0.0317571303531125
-0.16549445832686452 -0.3426827046145001 0.1865541162819269 -0.03756188947091609
0.5138303784146321 0.3891358159551922 0.6766223861031365 0.27946255015035176
1.0651695669397656 0.9990938471340826 0.8255292149476389 0.7709578906481735
0.2281832890388976 0.5186178605900713 0.7202465639100107 0.5736258446758432
0.26983259849713903 -0.11970072727872554 -0.07493851251698574 0.010912265684686942
0.2572460044791414 0.19769566891033158 0.1450569034456529 0.040031210845627926
0.025366284668765005 0.009532710399525655 -0.4468291678965902 -0.04349913207117442
0.23703128670859386 0.1997257962787234 0.4583178685750857 0.5197917963600738
1.5843188928152638 1.4984379767016096 1.7232095979170614 1.4926640668939366
-0.06469835438152388 -0.024578057724686186 0.12623585971027043 -0.04740887857595328
0.1408399475224643 -0.15417345213106654 -0.03202494982856184 0.14274655038120018
0.3753484432715616 -0.001994965614254264 0.24988221788948506 -0.09294507095072743
0.6648494427822351 0.7836315379402702 0.5951759293112262 0.6956731942112472
0.5801599514589442 0.6569114246746015 0.3756520692169697 0.5753502990956173
0.10864976020037152 -0.09695578167516068 -0.06123836900627482 0.04372039687768667
-0.019368478091856465 -0.10229756258563762 0.11643498472545957 0.1474160475500285
0.6946608014413238 0.7611657536568466 0.608133921862419 0.6555130585800198
0.0752286673131944 0.07072779167387107 0.01229966313370043 0.0847415668696398
0.11942297423500149 0.37262395109524277 0.06039346119395332 -0.2288733352278166
-0.19626571853786234 0.0005266356484918378 0.06724091894158929 -0.08247937356525327
0.34255260035393326 -0.009610542052164673 -0.025702362280547952 0.029291795462853095
0.0003954179599130066 -0.030170956461847646 -0.3126764633764174 0.20941294316899092
0.9600186710245996 1.0039513305043135 1.1899137581227746 1.012854601465195
0.7616555983382096 0.642328275167485 0.2578371834833586 0.6816388649912538
1.8304354933068379 1.83594322653197 1.5707529101386746 1.736946114848885
0.3756889140034453 0.27542498939134946 0.28910312481250144 0.07489604964631182
1.151487616899331 1.2203436320121905 1.2507970267213928 1.0775213872675158
0.029180111970049105 -0.2008418350627532 -0.24573715756327927 0.026231663660403307
0.3297064461732595 0.14838627506743135 0.02289397765154444 -0.1712720181235215
0.19993185253372373 -0.024770807547486482 -0.1660737008980735 0.09049984817940013
-0.003909601971110297 0.062062649370853616 -0.0716814279410935 0.045796223515336694
