0.23394700793882503 0.3074276786040872 0.40199961387515454 0.5744785100279851
0.27850931401798334 0.2556095535627306 0.15145327659937452 0.07292991788049867
0.21910264717111808 0.3832029547957733 0.10225548265107545 0.05886023754775212
0.2965233085412468 0.758654718968183 0.5034585600085703 0.46191833836197216
1.1974053979587014 1.098390919207963 1.238306147013771 1.202027436671814
-0.01372657437155841 -0.0854846072349715 0.06449527397420944 0.12273494330595314
0.18150514029036305 0.17213518982270937 0.18165633035215553 0.4186743525663566
0.039377105068706335 0.11339538567778963 -0.06221309963799484 0.2794708925398762
0.1693275410715038 0.001820561295901825 -0.017291561155879567 0.21372153500297233
0.1567572755374813 0.01786345921858513 0.08280983480971975 -0.035153579952414325
0.03229980972140634 0.2681206303557281 0.42646673643081406 0.36875999962743894
0.2235449181883923 0.09345694841229177 -0.10767475103281429 -0.16247976549658968
0.07695579533439083 0.22337714403646003 0.05418870832264911 0.1947791477899486
0.0463764239628015 0.16637582181597185 -0.18664031754753907 0.08853072101998845
-0.0978224889186182 -0.09832088070862297 -0.029622071165266342 0.002668124913364964
0.4734599575850432 0.15881882713206988 0.2048642964520974 0.06948451826946114
-0.029771687669212652 -0.11403474294155394 -0.008628013446277252 -0.023359516937861435
0.9227732907894282 0.999345149860206 0.9499723177928858 1.0083815262871862
0.16019948305738535 0.18221092463573105 0.08495914555697169 -0.022987586521411637
0.008771216890299414 -0.08221417914363446 0.2710424261143926 -0.04063843077519929
0.17593152264018516 -0.1642009221495681 -0.2705214475620385 0.0536538723046424
1.1273340682165764 1.0938672590259804 1.1423990790627283 1.2522140550061622
0.3379336254768214 -0.0216086496881134 0.1836969661147407 -0.25371470180648975
1.0645998470141325 1.4140489229186315 1.4173395697789823 1.401303620681568
2.536693226959482 2.157289946240885 2.401643032621998 2.385472168574539
0.044242459438923264 0.016924331589639668 0.06457614665938659 -0.06147356057987238
0.3357372826389978 0.2919495805565883 0.0330717760957076 0.31553228208938655
0.1525567868130433 -0.027245538137260817 -0.11802727443955402 -0.06605329503629041
0.2969353034947133 0.06413266789570725 -0.09753803083777228 0.19973769255883475
-0.24930708311794703 -0.02021798351689063 0.16229631545437703 -0.2509777584362158
0.17071218726669193 -0.06762178691566417 -0.033664198198267006 -0.09315785657309805
0.029028831350600193 -0.09566424104269859 0.09249307985176267 0.14636124201042597
0.06995279543513942 0.08010649791854305 0.03880048656242429 -0.031757130353107066
-0.16549445832687842 -0.3426827046144884 0.18655411628191995 -0.03756188947091549
0.5095421536422164 0.38861210719812406 0.6731215686678822 0.27905465715826794
1.0576763001978862 0.9979795849550412 0.8195368590513586 0.7698115975905977
0.22468250866984177 0.5180386299284281 0.7175034855507381 0.5730321800372198
0.26983259849713814 -0.11970072727873055 -0.07493851251699067 0.010912265684686989
0.2552276549311326 0.19744740752612366 0.1433812482804099 0.03976015127743163
0.02536628466876486 0.009532710399524386 -0.44682916789659477 -0.043499132071172335
0.23411178991556067 0.19942829790024696 0.45592650701981347 0.5194654148769737
1.5716532491923196 1.4967126919004512 1.71279371111444 1.491079636284521
-0.06469835438151905 -0.024578057724688646 0.12623585971026352 -0.04740887857595725
0.1408399475224391 -0.15417345213104827 -0.03202494982856501 0.142746550381198
0.3730332183438934 -0.0022851654993891004 0.247896875980826 -0.09316811535866826
0.6604420562439215 0.7831084105167071 0.5913552100525635 0.6952297629234455
0.5756856530222525 0.6561998878803129 0.3719574261132176 0.574540429825316
0.10864976020037018 -0.09695578167517167 -0.06123836900627852 0.043720396877684024
-0.019368478091858262 -0.1022975625856389 0.11643498472545939 0.14741604755004453
0.689029254799998 0.7604567734978249 0.6033036476448277 0.654830594389745
0.07529365525892301 0.0711548386784138 0.011827932035479962 0.08528962607672366
0.11942297423501297 0.3726239510952464 0.06039346119395336 -0.2288733352277942
-0.1962657185378828 0.0005266356484917292 0.06724091894157869 -0.08247937356525147
0.34097188632291714 -0.0099048738599117 -0.02681142167844434 0.029128427470829672
0.0003954179599130022 -0.030170956461844967 -0.31267646337643196 0.2094129431689932
0.9520224515004982 1.0029884066458572 1.1831646103933469 1.01198373727354
0.756842776863523 0.6417268228912301 0.2538127139836361 0.6810885271352862
1.8166447556211174 1.8340127112122515 1.5594559845914902 1.7351409374378277
0.3730543883049476 0.2750972412105616 0.28694801145459853 0.07466342949970291
1.1421379320640543 1.2190040115527057 1.2432162717046555 1.0762198982893882
0.029177328147123194 -0.200841013466051 -0.24574426439782415 0.026234611754878425
0.329706064380419 0.14837670066483616 0.022880973010354327 -0.17128339717744168
0.19993185253371054 -0.024770807547485806 -0.16607370089806436 0.09049984817940246
-0.003909601971109749 0.06206264937085379 -0.0716814279410962 0.045796223515342335
