-0.04441719615057798 -0.11926335450346515 0.23916765376457233 0.43992561548974884
0.28356477938228075 0.0867652218095844 0.14019988857450308 -0.0011453468468019211
0.12831658847876903 0.16249510173726764 -0.014925887599060595 -0.2104508280549781
-0.030487049855179596 0.2486530298979005 0.1727435857648009 -0.029114098133427496
0.35654278612257895 -0.02802321462850515 0.5202091508710277 0.5100653854169698
-0.14420905960997668 -0.30100906831901136 -0.05263002817079375 -0.04187059662956256
0.16235805246824794 -0.03401964342454495 0.07932525559552284 0.312991755497738
-0.03509094068636163 0.0023208263233600868 -0.0987140492338955 0.23797677441013254
0.07189087182787289 -0.2306296360163238 -0.1104063384364255 0.05724202075122723
-0.015780044256114414 -0.08131877487739521 -0.02686948659236549 -0.06850431302808868
-0.2735939702476766 -0.0656012407381672 0.344222990323278 0.31830843026174
0.21242730619972347 0.016198597541445706 -0.11794868039257146 -0.18169733013620193
0.030841550513500546 -0.05444894480751503 -0.05435707071093207 -0.04584721908930518
0.013253450270243813 0.092052496834092 -0.2212790538224205 0.027764443099132063
-0.09754917168479753 -0.09843208181956549 -0.03216548050774386 0.0019110549742168382
0.28780272086527103 -0.1680551438337122 0.03230885226018209 -0.1895642088585066
-0.048252538543129754 -0.1921927350334185 -0.03165306016231488 -0.06315497791312721
0.34268158225691103 0.06642631771509895 0.389672787597307 0.41461110023491515
0.1601994830573776 0.182210924635746 0.08495914555698257 -0.022987586521412605
0.004694850275706243 -0.09381225866546644 0.2647343087139786 -0.04456871094884368
0.17179563743738957 -0.17156009533047054 -0.2772820659981483 0.050562651342111
0.466914395385849 -0.01392871994084335 0.5514593610950898 0.5718183051878936
0.3417062636464881 -0.04265320604786924 0.15509470719222168 -0.2571725520772392
0.29180612059587546 -0.05470351700937117 0.8317584512475642 0.7084536573148941
1.046749007550622 -0.1790109104446505 1.1245104528389862 1.1743469349641225
-0.009974317035177514 -0.07320754023094472 0.021200606178416098 -0.09932964751344357
0.11862019719657069 -0.04755831461229792 -0.17254333314339146 0.023440915394598468
0.1533737491386773 -0.02711931027581363 -0.12588701479375514 -0.05716860719467306
0.15459232492122585 -0.14953748448235568 -0.2753553511647031 0.06602503221769723
-0.2514325177232882 -0.022449087708737287 0.1605796305742208 -0.2643930404773205
0.1625256420563691 -0.12055551080546946 -0.04001536699061197 -0.08882991181912983
0.1033488174161623 -0.05963537358636344 0.12368367396232265 0.15598633014653676
0.08522663192005749 0.12980955123337778 0.04168108057963208 -0.012625262661841845
-0.16289003353878867 -0.37058508443735044 0.13606654075011418 -0.0468152043912154
0.16867712739886948 -0.07597975007604026 0.4406650077749932 0.024034037711961626
0.5452241008244855 0.09631423340871391 0.2917231514631352 0.09560255348587504
-0.11183852400046283 -0.06737567189006506 0.5312761920360253 0.24203889662902775
0.2696930462989776 -0.12025599112066823 -0.07601824397019342 0.011797539565242458
0.036646657248640795 -0.008766255458746203 0.003416388830829208 0.02086966085611638
0.024718403067372198 0.008370263135820297 -0.44810710604368753 -0.04575994972752365
-0.08475512277436183 -0.03468734097455396 0.3663483166335885 0.4235138648993011
0.6855322018728459 -0.04649861010972165 0.9708164166524442 0.6520653359078374
-0.06493232851211593 -0.03942435903292648 0.12095030709878263 -0.03772064605285256
0.1408399475224643 -0.15417345213106654 -0.03202494982856184 0.14274655038120018
0.2257072371286667 -0.08769448588547664 0.13694120660037518 -0.062309157166951526
0.42840522264476116 0.12933006385924478 0.31887666196252246 0.22701681489749903
0.14998297024591936 -0.02302584460668159 -0.024538064873266763 0.27009403261657
0.10849726358744757 -0.0971156450677928 -0.061386964514546866 0.04284699770979798
-0.05192529464435813 -0.14280679871031274 0.08303906656368268 0.13521576306573022
0.18081493713443675 0.16467830623045548 0.22840627493401253 0.36102551058118976
0.10288327176205601 0.16204374376809072 0.059051553704759785 0.2385636642763289
0.09998630316954392 0.22749286332019483 0.0509777237355698 -0.2295521317406388
-0.21565488885614684 -0.017343800984996518 0.03102576931852547 -0.09727989554860529
0.2393553294777897 -0.14269263186081269 -0.16984263435733882 -0.05656832431953135
-0.020412114644669837 -0.04333909890020799 -0.35211802404811854 0.22766828892796456
0.38799036593010977 0.042654649987363645 0.7830913419396065 0.6088865794704045
0.3765711689069437 0.09700654737055385 -0.09287698089871985 0.5677856806612
0.7854366484247405 0.2328330584230966 0.6186544970053347 0.8228170200206912
0.13222473556122716 0.08242947855156847 0.14330770050075275 -0.036505101175639494
0.4170570620351599 0.02841270165800495 0.6390911535030724 0.3117346728516336
0.06141017012921562 -0.10821269264154185 -0.2027252084806213 0.14636819013645097
0.32301861225484 0.1359235396526523 0.012868562899196407 -0.18950944756019494
0.1966729598646157 -0.05985755222414101 -0.1699941115107576 0.10603681799583743
-0.003921070034393861 0.06206377603345032 -0.07172714125386159 0.04572545886874375
