-0.0444171961505833 -0.11926335450346953 0.23916765376459626 0.4399256154896943
0.28309594254415754 0.08676522180958011 0.1405428470649442 -0.0013866896042377503
0.12831658847874117 0.16249510173725598 -0.014925887599061778 -0.21045082805497256
-0.03075762970359625 0.24865302989789098 0.1724559096715339 -0.029160349184470486
0.3520655316560146 -0.02802321462850273 0.5224758666220888 0.5101404678687735
-0.14341199180689518 -0.30100906831900787 -0.052946085688221525 -0.04206345660772389
0.16235805246823928 -0.03401964342454943 0.07932525559551505 0.3129917554977321
-0.03509094068636708 0.002320826323360312 -0.09871404923390133 0.23797677441013387
0.07281939145753778 -0.23062963601631883 -0.11085326918047107 0.056571578187131925
-0.01578004425611781 -0.08131877487738824 -0.026869486592367615 -0.06850431302809344
-0.2735939702476484 -0.06560124073817085 0.3442229903233004 0.318308430261732
0.21242730619970546 0.01619859754144365 -0.1179486803925613 -0.18169733013619058
0.030535467449091427 -0.05444894480751204 -0.05420811090260352 -0.045844060695191466
0.013253450270243352 0.09205249683408988 -0.2212790538224233 0.027764443099135047
-0.09514701426396378 -0.09843208181955351 -0.03334651010695483 0.0011795809325893917
0.2861653109600884 -0.16805514383370898 0.033086118208030604 -0.18955657505900622
-0.04825253854312882 -0.19219273503341666 -0.03165306016230868 -0.06315497791311431
0.3414878758620536 0.06642631771509167 0.390479842394073 0.41405506659233576
0.16019948305738535 0.18221092463573105 0.08495914555697169 -0.022987586521411637
0.004151169739367651 -0.09381225866546956 0.26429537884761517 -0.04463796318238226
0.171795637437369 -0.17156009533046676 -0.2772820659981132 0.05056265134210573
0.46531778104146193 -0.01392871994084203 0.5526589882286023 0.5709587101230199
0.34170626364646267 -0.0426532060478733 0.15509470719220197 -0.25717255207727246
0.2856772067857373 -0.05470351700936552 0.8348401392545337 0.7085816082397562
1.044784738107759 -0.17901091044462955 1.1261843024617546 1.172083135068424
-0.009974317035177881 -0.073207540230942 0.021200606178413735 -0.09932964751344771
0.12186708178839371 -0.047558314612294136 -0.17411810440895825 0.022384586412392823
0.15337374913866597 -0.027119310275816228 -0.12588701479378225 -0.0571686071946693
0.15596811606877745 -0.14953748448233428 -0.27602373628227417 0.06541017310096099
-0.2488162635103704 -0.02244908770873513 0.15936263544020554 -0.2648993993495255
0.16252564205636297 -0.12055551080546863 -0.04001536699061235 -0.08882991181912568
0.103401031380617 -0.05963537358636204 0.12379893255429808 0.15564904608032878
0.08522663192004475 0.12980955123335902 0.041681080579638416 -0.012625262661843268
-0.16176987660875827 -0.3705850844372968 0.1355489949941914 -0.047134166547002504
0.16820146866075897 -0.07597975007603974 0.4410543637685565 0.02367648880902997
0.5418791565123656 0.09631423340871599 0.29349401943388775 0.09558712317291446
-0.11250796372344853 -0.06737567189005889 0.5306153561702104 0.24192666369540364
0.26969304629895197 -0.12025599112066428 -0.07601824397018142 0.011797539565241457
0.037055895796699635 -0.008766255458747358 0.0032978943208497352 0.020502215160369666
0.024718403067369353 0.00837026313582015 -0.44810710604373205 -0.04575994972752167
-0.08475512277435891 -0.034687340974549175 0.36634831663359646 0.4235138648992772
0.67976209750999 -0.0464986101097221 0.974067848956411 0.6518084420329152
-0.06414984350664919 -0.03942435903292112 0.12060655069633668 -0.03796425248466829
0.1408399475224391 -0.15417345213104827 -0.03202494982856501 0.142746550381198
0.22703818733838127 -0.08769448588547687 0.13647534845177153 -0.06318155938401032
0.4270746955271667 0.1293300638592203 0.3197780086878541 0.22651053827623413
0.1507592477963225 -0.023025844606680886 -0.024793637819923314 0.2692531282354687
0.10849726358744945 -0.09711564506779255 -0.06138696451454465 0.04284699770979238
-0.05192529464435529 -0.14280679871030144 0.0830390665636712 0.13521576306572958
0.1801151918447143 0.16467830623044508 0.22872608029366423 0.3606447797860889
0.10198380339026669 0.16204374376808925 0.05945336478556065 0.238406756676371
0.10293879324401603 0.22749286332017485 0.049600268377356094 -0.23061428838828954
-0.21381243615687395 -0.017343800984994856 0.030269976744563252 -0.09764336695280146
0.24235468697959886 -0.1426926318607995 -0.17118599181507058 -0.05752631313678814
-0.01916251186675568 -0.04333909890021424 -0.352861294127024 0.22725437554284675
0.3840603203951984 0.04265464998736212 0.7853188531864862 0.6085898925227377
0.3772728227574609 0.09700654737054135 -0.09317213506561739 0.566738892944504
0.781126005179842 0.23283305842307347 0.6210454135828765 0.8222919563945861
0.13265745455874242 0.0824294785515752 0.14316483678101435 -0.03705637265789705
0.4127428170348162 0.028412701658006204 0.641379012646678 0.31176083405416594
0.06141017012921061 -0.10821269264153074 -0.20272520848059455 0.1463681901364282
0.32301861225483813 0.13592353965265191 0.012868562899196075 -0.18950944756017368
0.19667295986459926 -0.059857552224141325 -0.16999411151076543 0.1060368179958345
-0.003921070034393258 0.06206377603344341 -0.07172714125385637 0.04572545886874151
