0.23422715821791942 0.3075031693623789 0.4029343754080658 0.5744312845601557
0.27832051888694415 0.2553411667846558 0.15189133158159848 0.07250697553960653
0.2192070854408566 0.38322786038144396 0.10261946053377191 0.05882858091206942
0.2970419453705326 0.7588584477499611 0.5043687850581633 0.4620287816641023
1.1994426300783214 1.0988717119913212 1.2415134126921654 1.20203861954342
-0.013236968776281971 -0.08525331075629698 0.06453433512651591 0.12304938282306507
0.18160827011859162 0.17220073956997983 0.18189106497208415 0.4186893941265299
0.03918549353385479 0.11329290909943347 -0.062132317169625785 0.27934639363671643
0.16932754107151518 0.0018205612959019944 -0.01729156115587651 0.21372153500294552
0.1572618025934151 0.01783597681290099 0.08339165156741529 -0.035255133385116745
0.03299029204769134 0.26824717805761045 0.42733147170551306 0.3688355998412802
0.22354491818840092 0.09345694841229045 -0.10767475103282706 -0.16247976549661594
0.07720543613667821 0.22357025989872142 0.05421968085953566 0.19501301919172412
0.04664005440430852 0.16663356994218234 -0.18653035172045146 0.08890107074732374
-0.0978224889186317 -0.0983208807086318 -0.029622071165264573 0.002668124913364972
0.47426980989280076 0.15891083325530742 0.20583726313284587 0.06941486500082511
-0.030025908072195975 -0.11397406802962122 -0.008582399992567956 -0.023267109949365847
0.9238220885603314 0.999593841156001 0.952174099236584 1.0082620500176793
0.1601994830573776 0.182210924635746 0.08495914555698257 -0.022987586521412605
0.008771216890298746 -0.0822141791436332 0.2710424261143634 -0.04063843077520062
0.17593152264020478 -0.16420092214955412 -0.27052144756202545 0.05365387230464701
1.128393173620254 1.0940886227538171 1.1455092723933957 1.2520998996589514
0.33793362547677425 -0.021608649688112776 0.18369696611475755 -0.25371470180647876
1.0656390021016213 1.4142643730348397 1.4207066461948576 1.4012175437611618
2.5397024691937826 2.1578886231274876 2.4082593791726086 2.3851149996591805
0.044333721036550956 0.016873980790725357 0.06488771399582224 -0.061513952483117786
0.3357372826389961 0.2919495805565808 0.03307177609570193 0.3155322820893744
0.15255678681305726 -0.02724553813725844 -0.11802727443955105 -0.0660532950362855
0.2974749267181949 0.06436913725572273 -0.09699905854427673 0.1999998993205945
-0.2493070831179448 -0.020217983516890355 0.1622963154544036 -0.2509777584361622
0.17071319046368214 -0.06761857457129308 -0.033659713054145314 -0.09315347786762056
0.028969103298439228 -0.09558031260616998 0.09251570111638269 0.14639705393324962
0.0699527954351306 0.08010649791854152 0.03880048656242292 -0.0317571303531125
-0.16549445832686452 -0.3426827046145001 0.1865541162819269 -0.03756188947091609
0.5101969346712878 0.38865950958909673 0.6746245614463297 0.2788267619776356
1.0588313061203392 0.9982541950876445 0.8219997848666167 0.769836022996508
0.2250367902412293 0.5181970589157356 0.718479407813225 0.5730653732659603
0.26983259849713903 -0.11970072727872554 -0.07493851251698574 0.010912265684686942
0.25577539706551855 0.19750157923179312 0.1442433383701063 0.03977152911258891
0.025366284668765005 0.009532710399525655 -0.4468291678965902 -0.04349913207117442
0.2349392812265121 0.19945242256143209 0.4571726673193869 0.5194225961062613
1.5731670261730084 1.4969686740856534 1.7170428248945786 1.4907024273743636
-0.06469835438152388 -0.024578057724686186 0.12623585971027043 -0.04740887857595328
0.1408399475224643 -0.15417345213106654 -0.03202494982856184 0.14274655038120018
0.3737884684992479 -0.0021986644218949265 0.24903603412068193 -0.09321616746216979
0.6604152162042398 0.7830502404482762 0.5927399930862018 0.6949001835411233
0.5765359803114656 0.6564288840595977 0.3736206627442248 0.5747039135730045
0.10864976020037152 -0.09695578167516068 -0.06123836900627482 0.04372039687768667
-0.019368478091856465 -0.10229756258563762 0.11643498472545957 0.1474160475500285
0.6899712195887244 0.7605478056478145 0.6055466284363324 0.6546893179996922
0.07461756421642808 0.07065925330273361 0.012031591609969413 0.08465275227718971
0.11942297423500149 0.37262395109524277 0.06039346119395332 -0.2288733352278166
-0.19626571853786234 0.0005266356484918378 0.06724091894158929 -0.08247937356525327
0.34140888216267823 -0.009762138535669405 -0.026341080604595616 0.029087904038683873
0.0003954179599130066 -0.030170956461847646 -0.3126764633764174 0.20941294316899092
0.9526664125468652 1.0029855257952758 1.185868233298326 1.011566371697058
0.7573619062138224 0.6417627024380823 0.2554657270583102 0.680882003135646
1.8183408908681167 1.8343460648022276 1.5640464700703365 1.7348123447108186
0.37371355345436996 0.2751679691639177 0.2880217034338403 0.07454985258809328
1.1434782662075773 1.2192858856412205 1.2463517434272624 1.0761081661502214
0.029180111970049105 -0.2008418350627532 -0.24573715756327927 0.026231663660403307
0.3297064461732595 0.14838623230981857 0.022893916868305303 -0.1712720181235215
0.19993185253372373 -0.024770807547486482 -0.1660737008980735 0.09049984817940013
-0.003909601971110297 0.062062649370853616 -0.0716814279410935 0.045796223515336694
