0.23394879815882494 0.3074278814592858 0.4020024033889814 0.5744789541782415
0.2785096520758757 0.2556090481974518 0.15145466714445566 0.07292936692860343
0.2191035253689385 0.383203033041477 0.10225671701256238 0.05886047134762737
0.296525829436599 0.7586551887487666 0.5034615072018657 0.4619192196331656
1.1974135347283272 1.0983920522637385 1.2383156133922861 1.2020292450081893
-0.01372548623249982 -0.08548414074451433 0.0644954529000895 0.12273563445896724
0.18150599890391778 0.17213534859684743 0.18165729824138294 0.4186746732374343
0.03937696822713541 0.11339519125076294 -0.06221275633663554 0.2794707494864702
0.1693275410715038 0.001820561295901825 -0.017291561155879567 0.21372153500297233
0.1567585587700035 0.01786341648213562 0.08281119215215534 -0.03515366895769504
0.03230184815955058 0.268120911317666 0.42646895413067737 0.36876044013817105
0.2235449181883923 0.09345694841229177 -0.10767475103281429 -0.16247976549658968
0.07695657320511103 0.22337754114537053 0.05418899896428341 0.19477975061962513
0.04637702401654139 0.16637633931845838 -0.18664001798949956 0.08853151370964514
-0.0978224889186182 -0.09832088070862297 -0.029622071165266342 0.002668124913364964
0.4734624657316705 0.15881904908526834 0.20486690223780743 0.06948476526957129
-0.029772179138692373 -0.11403462135298643 -0.008627905183220357 -0.02335932010616225
0.922778708066599 0.9993457876688611 0.9499792179027308 1.0083827444308584
0.16019948305738535 0.18221092463573105 0.08495914555697169 -0.022987586521411637
0.008771216890299414 -0.08221417914363446 0.2710424261143926 -0.04063843077519929
0.17593152264018516 -0.1642009221495681 -0.2705214475620385 0.0536538723046424
1.1273401788490767 1.093867870456402 1.1424082918934049 1.25221557508906
0.3379336254768214 -0.0216086496881134 0.1836969661147407 -0.25371470180648975
1.0646063670763457 1.414049541328165 1.4173496349944699 1.40130539908734
2.5367078587202028 2.157291507945955 2.4016627134025383 2.385475220991019
0.04424270889133844 0.016924233921781776 0.06457681124790704 -0.06147361526374965
0.3357372826389978 0.2919495805565883 0.0330717760957076 0.31553228208938655
0.1525567868130433 -0.027245538137260817 -0.11802727443955402 -0.06605329503629041
0.2969368439261675 0.06413315952164081 -0.0975365915788405 0.19973843284677595
-0.24930708311794703 -0.02021798351689063 0.16229631545437703 -0.2509777584362158
0.17071218927208273 -0.0676217804941878 -0.0336641892324639 -0.0931578478200658
0.029028901256856997 -0.0956640655225492 0.09249327170276633 0.14636139639669363
0.06995279543513942 0.08010649791854305 0.03880048656242429 -0.031757130353107066
-0.16549445832687842 -0.3426827046144884 0.18655411628191995 -0.03756188947091549
0.5095453031400342 0.38861228031616835 0.6731259433611481 0.2790549992031194
1.0576818144623192 0.9979802693456823 0.8195441908713064 0.7698130534719975
0.2246848051740497 0.5180390138171983 0.7175066375422038 0.5730329508502813
0.26983259849713814 -0.11970072727873055 -0.07493851251699067 0.010912265684686989
0.2552294950415703 0.19744754742106937 0.14338352486673692 0.03976049944428231
0.02536628466876486 0.009532710399524386 -0.44682916789659477 -0.043499132071172335
0.2341145076711097 0.19942839142377863 0.4559297773130025 0.5194657886529265
1.5716619220052561 1.4967134429395235 1.7128064261412452 1.4910813417861877
-0.06469835438151905 -0.024578057724688646 0.12623585971026352 -0.04740887857595725
0.1408399475224391 -0.15417345213104827 -0.03202494982856501 0.142746550381198
0.3730355246930139 -0.002284958482250736 0.24789973687249847 -0.09316787245969682
0.6604442481158039 0.7831083894178615 0.5913596538134579 0.6952300749825777
0.5756891823801272 0.6562004224594299 0.3719621286601567 0.5745415669374838
0.10864976020037018 -0.09695578167517167 -0.06123836900627852 0.043720396877684024
-0.019368478091858262 -0.1022975625856389 0.11643498472545939 0.14741604755004453
0.6890335130162543 0.7604570563641371 0.6033099022726797 0.6548313461585689
0.07529262381308055 0.0711538627460257 0.011828542129014621 0.08528846467468897
0.11942297423501297 0.3726239510952464 0.06039346119395336 -0.2288733352277942
-0.1962657185378828 0.0005266356484917292 0.06724091894157869 -0.08247937356525147
0.3409733419833446 -0.00990456349490085 -0.026810046008177716 0.029128600143372558
0.0003954179599130022 -0.030170956461844967 -0.31267646337643196 0.2094129431689932
0.9520274644093306 1.0029885588854917 1.183172790092013 1.0119845183419853
0.7568459901903568 0.641726986940494 0.2538176425056259 0.6810890617573703
1.8166542662787832 1.8340136368820958 1.5594697444930934 1.7351429560882992
0.37305670689411413 0.2750974254487108 0.2869509020758783 0.07466363645674078
1.1421446608378405 1.2190047463126874 1.2432255757029407 1.0762214475916
0.02917733371198522 -0.20084101510842278 -0.24574425019126192 0.026234605861637568
0.32970606514362283 0.14837671971859445 0.02288099888512637 -0.1712833744307129
0.19993185253371054 -0.024770807547485806 -0.16607370089806436 0.09049984817940246
-0.003909601971109749 0.06206264937085379 -0.0716814279410962 0.045796223515342335
