0.23285757284840378 0.3072839055861039 0.4011930911395158 0.5744523847393972
0.27748773131172966 0.25523609871482045 0.15089483089451383 0.07252016838530129
0.2184565889986684 0.38310553712962797 0.10166093956785331 0.0588386604570229
0.29538990911937396 0.7585822693319035 0.5022428307290266 0.4620525574647659
1.1948852272500106 1.0981473070458312 1.2357327636361481 1.2021057491507154
-0.013343933842381087 -0.08528507151504254 0.0643590622429848 0.12305203213590503
0.18087504270899082 0.17207949519051427 0.18095364261721558 0.41870071683081445
0.03890447454998502 0.113253975843327 -0.0624804787745467 0.279351060362004
0.16932754107151518 0.0018205612959019944 -0.01729156115587651 0.21372153500294552
0.15693946730902758 0.01779906975684892 0.08300883813442587 -0.03524951978775176
0.032261078967863864 0.26812981186143237 0.42640323311447614 0.36884615823162537
0.22354491818840092 0.09345694841229045 -0.10767475103282706 -0.16247976549661594
0.07691068996392052 0.22350521828069467 0.053803325033545284 0.19501638745116373
0.04658614463553126 0.1665991117816137 -0.18666039649888785 0.08889956464195621
-0.0978224889186317 -0.0983208807086318 -0.029622071165264573 0.002668124913364972
0.4732624120767739 0.15876244426523609 0.20457847495528592 0.06942843926322909
-0.030031874398605763 -0.11398455759319812 -0.00860613868863325 -0.023266994703789467
0.9200871841457986 0.9989995481040154 0.9474477678673766 1.0083166392568443
0.1601994830573776 0.182210924635746 0.08495914555698257 -0.022987586521412605
0.008771216890298746 -0.0822141791436332 0.2710424261143634 -0.04063843077520062
0.17593152264020478 -0.16420092214955412 -0.27052144756202545 0.05365387230464701
1.1239193865190091 1.093374330581541 1.1398368329482635 1.252164003595621
0.33793362547677425 -0.021608649688112776 0.18369696611475755 -0.25371470180647876
1.060671410816318 1.4134677814157264 1.4143874532345424 1.4012888473952474
2.5300369839625523 2.1563593635655387 2.396033844446049 2.385257060810847
0.04425693051881856 0.016868208828501128 0.06479980576298204 -0.061513426997151344
0.3357372826389961 0.2919495805565808 0.03307177609570193 0.3155322820893744
0.15255678681305726 -0.02724553813725844 -0.11802727443955105 -0.0660532950362855
0.29697323565013206 0.06427490136354778 -0.09767425683253005 0.2000061283118584
-0.2493070831179448 -0.020217983516890355 0.1622963154544036 -0.2509777584361622
0.17071319046368214 -0.06761857457129308 -0.03365972417880297 -0.09315347786762056
0.028755308382253843 -0.09562201176779453 0.09224925089637889 0.14639937203302725
0.0699527954351306 0.08010649791854152 0.03880048656242292 -0.0317571303531125
-0.16549445832686452 -0.3426827046145001 0.1865541162819269 -0.03756188947091609
0.5081204026419789 0.3883422801008762 0.6720214118293922 0.27885563007261366
1.0552418101246104 0.9976789607334894 0.8174430078367647 0.7698891457765952
0.22326068405407412 0.5179046828325959 0.7162137829902483 0.5730905991809548
0.26983259849713903 -0.11970072727872554 -0.07493851251698574 0.010912265684686942
0.2549468983143801 0.19737040573621212 0.1431894170013812 0.03978428914043437
0.025366284668765005 0.009532710399525655 -0.4468291678965902 -0.04349913207117442
0.23374780673558998 0.19927642419636585 0.4556782847936723 0.5194417494891415
1.5668122467785353 1.4959733554746115 1.7090448529234832 1.490795015295667
-0.06469835438152388 -0.024578057724686186 0.12623585971027043 -0.04740887857595328
0.1408399475224643 -0.15417345213106654 -0.03202494982856184 0.14274655038120018
0.37288709748814003 -0.0023276268163922517 0.2479238624877915 -0.09319980339622949
0.6578735056587083 0.782660980123899 0.5895623146559339 0.694939152661273
0.5745056621486416 0.6560990679490984 0.37101499284527417 0.5747350470037956
0.10864976020037152 -0.09695578167516068 -0.06123836900627482 0.04372039687768667
-0.019368478091856465 -0.10229756258563762 0.11643498472545957 0.1474160475500285
0.687298774915799 0.7601351492700344 0.6021809749141501 0.6547294332843827
0.07422274342105496 0.07063304585486109 0.011612384570493833 0.08465923991645573
0.11942297423500149 0.37262395109524277 0.06039346119395332 -0.2288733352278166
-0.19626571853786234 0.0005266356484918378 0.06724091894158929 -0.08247937356525327
0.3407452078574957 -0.009862441200309598 -0.027164491611957955 0.029096969905883452
0.0003954179599130066 -0.030170956461847646 -0.3126764633764174 0.20941294316899092
0.9484690897353976 1.0023418072474273 1.1806007770493097 1.0116313540176796
0.7549086592945317 0.6413852248835725 0.2523830897498071 0.6809190428370488
1.8114598416074765 1.8332637576712252 1.55536265141679 1.7349131044520816
0.3725762619499786 0.2749959472983344 0.28659866331721057 0.07456276430572349
1.1389333538673527 1.2185650139497064 1.2405999634381364 1.0761728588490311
0.029180111970049105 -0.2008418350627532 -0.24573715756327927 0.026231663660403307
0.3297064461732595 0.14838623230981857 0.022893862423546695 -0.1712720181235215
0.19993185253372373 -0.024770807547486482 -0.1660737008980735 0.09049984817940013
-0.003909601971110297 0.062062649370853616 -0.0716814279410935 0.045796223515336694
