0.005576421288387609 0.08559228515685877 0.27995632171992607 0.019032116209889344
-0.10687172817275954 0.1596930214484009 0.10544716304344134 -0.13326934302697313
-0.07395197234685146 0.15510282639512307 -0.008423384420588695 -0.18685187027477052
0.00989097688692142 0.0034330475886222276 0.043641659965430006 0.07954669348789876
0.29041678120331177 -0.16964019661559732 -0.09957712536643588 -0.022418367747816297
-0.07934071299766497 0.06251799756088952 0.09002328433647254 -0.15108717633376112
0.07850779281847595 0.0012246813477836125 0.11114121225177372 -0.034743280460342696
0.3007356720254592 0.007176844987575361 -0.19293114199035716 0.05664936457300604
-0.017796992052681787 0.03232359642802229 0.17546182689749654 -0.05412743188919554
-0.10197118911053202 -0.08870440665992982 0.014183366652479275 0.1930466002205559
-0.0838503057126113 -0.11265471572880621 -0.10199946631659482 -0.06560942139293556
0.20045095426697562 -0.0004408827811089708 -0.08437065541411902 0.021125752694426177
0.044071152112228715 -0.1632036713634792 -0.13991039759168863 0.01845989806338771
0.1798443731485104 -0.25524965768738944 -0.09272193043800135 0.03390609854724347
0.17179156541897986 -0.2853136924888253 0.08056776173786381 0.08200671543182735
0.11123742621798456 0.044864576555166784 0.03246906776290315 0.05015141123538079
0.0851630462315247 0.030873956909526257 0.09907262116037172 -0.17083449863729266
0.0300596866638445 -0.18683723118061143 0.06346414187462923 -0.010415115557014198
0.04975176721163164 -0.017458986773221854 -0.2269176088420947 0.003159364333659784
-0.05724125698891922 -0.08610061932143995 9.839893899999e-05 0.06253047311671403
-0.2951168665096535 0.1442329314727957 0.055995826740446536 0.18385230402538627
0.2619896852434631 -0.07098981701317975 -0.0960499733973704 0.11151044160666995
-0.16090418822180247 -0.19853302535542666 -0.1839399520369571 -0.061981942550744885
0.016980577383330142 -0.21784434357023635 0.00018721438357285485 -0.12776936174573028
-0.1431302606218625 0.14125685255265963 -0.21849648409856517 0.19910899084556158
0.27985649512449173 0.13626428625880524 0.30654388744691374 0.22330643680103215
0.4175997450275578 -0.27308188167604586 -0.1631049925793075 0.00892483340344477
-0.2984180473394602 -0.11373810574358952 -0.07713617491018199 0.013447158565279583
-0.17399148431697362 -0.09164261897708768 -0.2943467313688273 0.39557815773119637
0.053259898522815076 0.02025651046469628 0.03128033119886329 -0.045099927987363835
-0.003360083241580938 0.00966437320101386 0.04034794321005129 0.038204714210256896
0.16881998944236182 -0.2456383735287974 -0.06347630468728903 0.14810006466085812
0.17227358472800255 0.09539377136259095 0.08591730413511764 -0.310018572383913
0.17318177296750376 0.061389296059494815 0.019165273238036153 0.0096461417237242
-0.08035356812401825 0.19640802719352018 0.11871286850172874 -0.06612350895415087
0.09288669345106768 -0.02350243963769418 -0.023436780671225507 -0.10665260473585032
-0.37142576203444383 0.2623684778984278 0.026210587263651348 0.024950850777407847
0.021074594355645675 -0.0683407168231911 -0.23506641608463086 0.11530264038461098
-0.25640576516180985 0.4384057243094482 0.015390003448229212 -0.39657193331685237
0.060034869395004326 -0.015262553465949534 -0.021857446539293498 0.07154375171073557
-0.2829765104804536 0.13846364540427689 0.13591773534928064 -0.053547043695579374
0.11044578813042955 -0.16678617759939549 0.02164968917338186 0.3538366421824976
-0.030068428934501887 0.05555871703423818 0.24142248552837234 -0.09769769961483896
-0.27555441148260895 0.16670912714740457 0.008315132395147848 -0.07045276589074521
0.577426966942018 -0.11549331653139944 -0.1624052684095349 -0.06891580269536422
-0.30692095653653245 0.1701129321775434 0.035233679141950074 -0.20638220242046018
-0.39983692504216817 0.12250377213985493 0.0011892623728474785 0.14687216135385303
-0.022690755551205474 -0.028686808752080895 0.16647406288354524 -0.07057395851235015
0.07978178857533788 -0.010721373665576763 0.1139178998412273 0.028077162714782212
-0.0016029377218677809 0.1513246950488738 -0.14018043639930908 -0.18252727213953474
0.07745893843379835 0.0675591447382786 0.006922637511049937 -0.1262658682622679
0.15330461742758805 -0.34716848990265475 -0.05027687790705791 0.11810280374887477
0.12700952941359356 -0.04627212989658302 0.003188436528980167 0.05000753780897908
-0.03439606766521618 0.30211419020378916 0.14966248120966408 -0.2519740296959836
-0.14814565358069176 0.042338726239512334 -0.21679388654226286 -0.046374834612266484
-0.3404518509133866 0.15406577873040825 0.05439581136967501 0.23178769135527555
-0.08277097285646483 -0.06826212344786942 -0.0403564744404956 0.20115603063562676
-0.18624614610308884 -0.0790875820044986 0.00023058334866606002 0.09340141015617275
0.18556927977537982 0.0828987481058043 0.2332522444257882 -0.178157153314165
0.15072288642624374 -0.07343154497788794 0.11202431275261066 -0.10708100784648918
-0.17295599727905328 -0.1603870799177369 -0.31746844346705577 0.15691267206451015
-0.37746275383779243 0.27279395136889345 0.0968828790140693 -0.25146026731601134
0.13274851772722407 -0.13926039063390225 0.10316456876190834 0.14992880456830826
0.031449054762520245 -0.17234503763870188 -0.10726945775951088 0.0383324829506988
