-0.05509585850937962 0.20012820960059516 0.21101017876145195 -0.15223591531792577
-0.042699326102113716 -0.1992674120820301 -0.05138767011124499 0.14968241309076483
0.096626294611797 0.23584297032383875 0.3026104200125335 -0.0002970630913375495
-0.09274717584907195 -0.1215003600962638 -0.16168111286013237 0.015901303046738608
-0.12135037911119112 0.16852468616616564 0.0427202317818125 -0.49142270569766794
-0.015865207948328894 0.2709920432307238 0.017220465719973477 0.23557347445352628
-0.016074952769392917 -0.014870968866418265 -0.05929062485259634 0.014783357556122975
0.15681147110404287 -0.06739529083026556 -0.03944566871894891 -0.21146104250809916
-0.06821970303116039 0.1226794076299355 0.0023359429334418773 -0.16312152062363966
-0.16439608198902042 -0.024704476535796438 -0.22583432209649926 0.18444855463554738
0.0242465126258863 0.2572368231849787 0.02198162714908733 -0.02875307430604345
0.451848761030725 0.15791602688474018 0.4494284247859397 0.23435198950817282
-0.1754223671771585 0.2436880581457337 -0.22952648598180075 0.04126432745608903
-0.08046252049531082 -0.30256874879952284 0.10264625187656475 0.21229236704469712
0.6720519590930155 0.6986508766566726 0.7344139255954454 0.4328860563471747
0.46288054751870084 0.6182051453793574 0.529238143128219 0.19386279955695856
0.22131363600843867 0.31010130495635696 0.0164166468978707 -0.06386323534159903
0.28067660587744314 0.5225741879943736 0.29880800299476257 0.4675585044902797
-0.050767165715584026 -0.09292404809032517 -0.04959318698866637 -0.0325507971625226
0.1116121931791005 0.1095746524580777 0.004001221307639887 0.28857616837455213
-0.36394796359147646 0.024136458468981672 0.10399949258660043 -0.012560847348445389
-0.02982885583350177 -0.37358805233562664 -0.3765658645719659 0.04802116999820519
1.0632913224339287 0.9150775073169977 1.2776768200281263 1.3236810626463658
0.15399468873873862 0.21442723976741002 0.16458292158718618 -0.06488999453523553
0.26579773667393847 0.13023370878780974 0.11044529257593014 0.07648177874218155
0.21283686389899054 0.001665396468907062 0.007423942365974037 -0.1917692136631351
-0.069390924186967 0.07351893529738722 0.26591585644733623 -0.18587513515189394
0.2897422714639869 -0.05444456143777816 -0.1007928022100363 -0.00654833310689011
0.3177070965999303 0.10568939417666723 0.3741312041072879 0.6618322084863926
-0.15802726662242728 0.14431799838289508 0.07870957437452994 0.022326514356273152
0.30087072298021383 0.4699522827147615 0.3488376838710071 0.4052242240251288
-0.17660104867792284 0.040597173159470215 -0.05212810654690546 0.15764976623005666
-0.006765853874585497 -0.15067393416669858 0.11161900136184796 0.12681836842226152
0.08413092680858845 0.20578535526407452 -0.4831047826798751 0.12268117973961608
0.6814521540526248 0.720801113749354 0.6994481857822621 0.734994759136157
-0.16795985835919422 0.096353877488347 0.12815765446053218 0.06246806849500673
0.04466721723019189 -0.09350562357260961 -0.12956078690678868 -0.026061204201385278
0.10911224728224808 -0.2987640967537904 0.07670783667396495 0.41260705141601534
-0.20842670510209793 -0.07899658252722598 -0.1168626333183929 -0.009013399074677998
0.4952252880531935 0.6402115599149975 0.5778915766087903 0.41684789248324566
-0.1335194460525402 0.17456285817660766 -0.11324762927742316 0.13155939516827206
0.640444278791458 0.7303512404915758 0.6027273836051452 0.6530306556231162
0.12843252444344408 -0.12315599010257985 -0.010510458517021771 0.03451378204411214
-0.15878937261478993 -0.3379600566400418 -0.1626822381029928 -0.2965799987338799
0.5229472310949614 0.7271965592755422 0.3947407167972539 0.6169952062746966
0.06239639713243178 0.15945497304485473 0.3013013740772181 0.1805991687344971
-0.022272410355797752 -0.1862597175744453 -0.08456139454214427 -0.06307732664713209
0.011356440485012335 0.14434153004818642 0.029700078331852182 -0.10057721051577745
0.0679955236874092 0.2847752383096999 -0.08753170995607878 0.06231147942298105
-0.06063633011303985 -0.2214608555672318 0.1056658574895077 -0.21233201267374496
0.2600356438317941 0.30332325106261676 0.24452522202627777 0.228274215091958
0.21933654831795088 -0.05898142173184392 0.02193530613148637 -0.10971830003465846
-0.1275310490686985 -0.5038841051258829 -0.04257891707328955 0.07215822078110636
0.11423773967099239 0.009682055378369006 0.24005743722537715 -0.28180536565752295
0.6778036572349995 0.8374927717309707 0.4580073165510637 0.49440697551662205
0.1967639362538846 0.20616871459146202 -0.22637689866616237 -0.09884040624823473
0.15884391518892918 0.2518338305897461 0.36240330184459857 0.1193903511470937
0.12557431177537 0.0577131276214232 0.07141466350354309 0.04240701795304085
0.031085798962876415 0.054822083472925255 0.004228287043890015 0.29203989608481096
-0.18890832354179407 -0.18005812339963803 -0.08684076714475221 -0.21136677935983275
0.6405621014567934 0.37417355338260966 0.5619479502350294 0.48276104876692716
-0.25324397750025224 0.21795592792955157 -0.04496648666080588 0.10239764211207003
0.9487697688935139 0.47665352234209235 0.4284080849255335 0.5227534725388696
0.3070372317829484 0.36145622649901255 0.399076155567746 0.3524706282783044
