-0.05509585850938312 0.2001282096006222 0.21101017876147524 -0.15223591531794686
-0.04270010686139073 -0.1992675153149674 -0.05138774683887563 0.14968241662450987
0.0965378846020134 0.23815493026117257 0.3033083566591049 0.002714646815168063
-0.09274717584906854 -0.12150036009627568 -0.16168111286012074 0.01590130304674092
-0.12134931167341806 0.16852474137057735 0.04272003406497793 -0.4914227056977134
-0.015837473660589234 0.27233305254488765 0.01742606914247051 0.2358100295448059
-0.016065553630250324 -0.01485896622294949 -0.05928925230807977 0.01479212468683655
0.15681147110403734 -0.0673952908302674 -0.03944566871895076 -0.21146104250811795
-0.06824600136041405 0.12268814301248328 0.002390059994885391 -0.16319612410987147
-0.164396081988996 -0.02470447653579557 -0.22583432209648238 0.18444855463554938
0.024602368026621902 0.25657029221069005 0.02216691471038404 -0.02836864340496637
0.45128984445443804 0.1637565285303659 0.45214129606656894 0.2387652050595887
-0.17544146258690088 0.24369424421564223 -0.2295250640590787 0.0412741082347495
-0.0804576466542717 -0.3023707900155697 0.1027415724530208 0.21221535518213724
0.6698505334870678 0.7071555714223883 0.7374870096953323 0.4414497192703079
0.4615535057102671 0.6246099285724546 0.5319909045253374 0.2004247798718433
0.221317928690453 0.3101032478378173 0.016417112436013417 -0.06386569261100776
0.28001637930846524 0.5275043464796936 0.3013706040452912 0.47230247283318866
-0.05076716571558375 -0.09292404809033836 -0.04959318698866465 -0.03255079716252617
0.1113818882546491 0.11164956323797717 0.004388255128596433 0.2904804683741929
-0.3640856001688807 0.024249318382315477 0.10477302264617155 -0.01227711269757797
-0.029828855833498636 -0.3735880523356435 -0.3765658645719923 0.04802116999820869
1.0605433955146453 0.9313276568636709 1.2847797782661514 1.337478338651142
0.15425485297825936 0.21660610913942552 0.1660286967396994 -0.06269827384890543
0.2657977366739836 0.1302337087877996 0.11044529257594321 0.0764817787421781
0.21279548765656184 0.0024064852564005174 0.008474612336538368 -0.19087857664275992
-0.06897907635020523 0.07424747594116714 0.26562173213031276 -0.18538736857667382
0.2895951659681517 -0.05387895101123493 -0.10089088137256061 -0.005339074460529092
0.3159279070322668 0.11117706291790262 0.37650496194996547 0.6652032309782119
-0.1576470776547763 0.1446094736597441 0.07881480199447789 0.022672103566543245
0.2998289870267144 0.47565787449873004 0.35126326927047985 0.4120293974396392
-0.17691640043583748 0.04077366070060515 -0.05168527338322306 0.15811954160138383
-0.0071208313057369525 -0.1504447727976481 0.1121273941812509 0.1271330342722603
0.08413092700476446 0.2057856427025789 -0.4831079297440813 0.12268109785721569
0.6807131420467771 0.730858604258725 0.7042537947010851 0.7443952818550905
-0.16794150876736677 0.09651974240494013 0.12784677730353092 0.062473803408207615
0.04465561020216979 -0.0935250216552177 -0.12953998932283345 -0.026059469473588847
0.10920762159542362 -0.29801989723768996 0.07726896583933646 0.41326265553699093
-0.20792323871727114 -0.07843057299348213 -0.11675943507660544 -0.008427141253355152
0.49417995213213833 0.6475648319963093 0.5812727621711928 0.42467781735398674
-0.13354277817495053 0.17450175880962923 -0.11328861348476046 0.1315402333366535
0.6389503518702332 0.7397723913840466 0.6072096708743179 0.6612999229752287
0.12843274987481731 -0.12315619252229407 -0.010510128265910851 0.03451351955006605
-0.15878937261480636 -0.33796005664007944 -0.1626822381029651 -0.2965799987338644
0.5218198403975882 0.7352610018817565 0.3992677013258264 0.6239938496165162
0.06180269695513964 0.16180239035307095 0.3026524203031429 0.18332611196373005
-0.022272410355796465 -0.18625971757442447 -0.0845613945421527 -0.06307732664714148
0.01135644048501273 0.1443415300482058 0.029700078331850222 -0.10057721051578279
0.06800204370656728 0.28477720775504156 -0.08752532079432415 0.062312553240137514
-0.0606341707570802 -0.22146147246526632 0.10566691495190206 -0.21232998274971163
0.2591511996546077 0.30702926166488 0.24620529604790706 0.23182230999387482
0.21933654831794694 -0.05898142173184692 0.021935306131483697 -0.10971830003466537
-0.12752019806116424 -0.5039244874610872 -0.042585138069016454 0.07215087609206929
0.11423773967100109 0.009682055378369856 0.2400574372253964 -0.2818053656575556
0.6763239327085607 0.8453300440496299 0.4615085079621575 0.5023283028728253
0.1967639362538824 0.20616871459148955 -0.22637689866618327 -0.0988404062482253
0.15854088629883933 0.2540779388303786 0.36357257829939643 0.12218000192089615
0.12557431177535872 0.05771312762141776 0.07141466350354253 0.042407017953039576
0.031086023800027975 0.05482126496686933 0.004227589895378188 0.2920398586123327
-0.1888868459434671 -0.17999596916992297 -0.08685909955168016 -0.2113498906952842
0.6396485890055701 0.38145217113801677 0.5655432049221712 0.48910009606553595
-0.25323515367302957 0.21794758562684052 -0.04495853913837807 0.10240222546797212
0.9475494060369023 0.4854568708322729 0.4322420216202539 0.5303184764160891
0.3061186703450543 0.3660557938182954 0.400577366260903 0.3573929796375779
