0.2352641746667591 0.308042401702029 0.4034485727094481 0.5745700357607535
0.27888724679641025 0.25564741009998704 0.1521740164721778 0.07258387467189617
0.21978114391428374 0.3835255700546169 0.10290304140884715 0.058905179640663774
0.29830802359082464 0.7595141906847213 0.5049985132116271 0.46219881557998527
1.2028592464218195 1.1006551503864208 1.2432180388919805 1.2024998219619043
-0.013129165764732088 -0.08519742868837078 0.06459249743638702 0.12306554554428573
0.18216124806682615 0.1724887774936292 0.18216799877284437 0.41876398639319357
0.039386642180102995 0.11340091747914313 -0.06203294235289937 0.27937330581404846
0.16932754107151518 0.0018205612959019944 -0.01729156115587651 0.21372153500294552
0.15748343448034333 0.01795793803045438 0.08350065917980698 -0.03522572237687124
0.033548457076174196 0.2685344352942772 0.4276079486141005 0.36891023730659595
0.22354491818840092 0.09345694841229045 -0.10767475103282706 -0.16247976549661594
0.07746053266839738 0.22369825410302652 0.05434806649605179 0.19504808699728104
0.04673320200842733 0.1666734044744668 -0.18648419113867595 0.08891339997673571
-0.0978224889186317 -0.0983208807086318 -0.029622071165264573 0.002668124913364972
0.47500658324063344 0.15929958697570681 0.20620566921606423 0.06951451155694585
-0.030000516388692736 -0.11396399232058475 -0.008571940501978379 -0.023264838679638102
0.9266115229982865 1.0010507351184244 0.9535651214855548 1.0086384783133677
0.1601994830573776 0.182210924635746 0.08495914555698257 -0.022987586521412605
0.008771216890298746 -0.0822141791436332 0.2710424261143634 -0.04063843077520062
0.17593152264020478 -0.16420092214955412 -0.27052144756202545 0.05365387230464701
1.131757150028536 1.0958398028767293 1.1471778137051898 1.2525519457220122
0.33793362547677425 -0.021608649688112776 0.18369696611475755 -0.25371470180647876
1.0693926469968544 1.4162188285890251 1.422565540305349 1.401721500567519
2.546939641960164 2.1616614108851717 2.4118578362113836 2.3860889435919583
0.044389725566316145 0.016904962575610548 0.06491233900571906 -0.06150681022910494
0.3357372826389961 0.2919495805565808 0.03307177609570193 0.3155322820893744
0.15255678681305726 -0.02724553813725844 -0.11802727443955105 -0.0660532950362855
0.2978872947657331 0.06458034354917044 -0.09679556612718468 0.20005535897726504
-0.2493070831179448 -0.020217983516890355 0.1622963154544036 -0.2509777584361622
0.17071319046368214 -0.06761857457129308 -0.033659713054145314 -0.09315347786762056
0.02912628140707048 -0.09550195316274122 0.09259741721421055 0.146418777404177
0.0699527954351306 0.08010649791854152 0.03880048656242292 -0.0317571303531125
-0.16549445832686452 -0.3426827046145001 0.1865541162819269 -0.03756188947091609
0.5117343099295851 0.3894640007077879 0.6753878271375127 0.2790331879105371
1.0615282588783772 0.9996602035848057 0.823341939832891 0.7701995979733959
0.22638444960467569 0.5188970232590682 0.7191502530471673 0.5732462963825036
0.26983259849713903 -0.11970072727872554 -0.07493851251698574 0.010912265684686942
0.2564072325794314 0.19782808321839307 0.14455336493712806 0.03985555659536029
0.025366284668765005 0.009532710399525655 -0.4468291678965902 -0.04349913207117442
0.23582584119154945 0.19991905153781445 0.45761094028573485 0.5195423086295604
1.5778889057869974 1.4994387858218767 1.7193946589008184 1.4913388656521311
-0.06469835438152388 -0.024578057724686186 0.12623585971027043 -0.04740887857595328
0.1408399475224643 -0.15417345213106654 -0.03202494982856184 0.14274655038120018
0.3744365193053914 -0.0018541010554241576 0.249361539393364 -0.09312849522207133
0.6622772506874212 0.784032949669172 0.5936696194896027 0.695151978758455
0.5780897498824046 0.6572389404323337 0.3743910950556061 0.5749130803923335
0.10864976020037152 -0.09695578167516068 -0.06123836900627482 0.04372039687768667
-0.019368478091856465 -0.10229756258563762 0.11643498472545957 0.1474160475500285
0.6919585292257531 0.7615898955797676 0.6065333398502948 0.6549565761060182
0.07484467834317758 0.07078828980963096 0.01213947247379557 0.08468258268297764
0.11942297423500149 0.37262395109524277 0.06039346119395332 -0.2288733352278166
-0.19626571853786234 0.0005266356484918378 0.06724091894158929 -0.08247937356525327
0.34189129484629116 -0.009509693686660419 -0.026096721420081105 0.029153252168906015
0.0003954179599130066 -0.030170956461847646 -0.3126764633764174 0.20941294316899092
0.95576361633987 1.004614433647071 1.1874116051203865 1.011984587474935
0.7591735958620729 0.642715692129104 0.25636986432344444 0.6811271657949575
1.8234711818956122 1.8370295430480907 1.5666007191047941 1.7355039040595337
0.3745479094928715 0.27560485189159106 0.2884353239814384 0.07466258962241291
1.1468835514605296 1.2210630372326374 1.2480442255492956 1.0765665954571106
0.029180111970049105 -0.2008418350627532 -0.24573715756327927 0.026231663660403307
0.3297064461732595 0.14838623230981857 0.022893916868305303 -0.1712720181235215
0.19993185253372373 -0.024770807547486482 -0.1660737008980735 0.09049984817940013
-0.003909601971110297 0.062062649370853616 -0.0716814279410935 0.045796223515336694
