0.23395011353533288 0.30742849597952854 0.4020038495583019 0.574479045259824
0.27851002967059624 0.2556090865593543 0.1514553864937834 0.07292902143634672
0.21910420298748384 0.38320335557849017 0.10225736333695866 0.0588605160559204
0.2965276116307532 0.7586560477507026 0.5034630442078755 0.4619194992291124
1.1974189804400206 1.0983943153618612 1.2383205158177857 1.2020297155851432
-0.013724889912032053 -0.08548385403245819 0.0644955499446258 0.12273596437005255
0.18150665415308068 0.1721357020257442 0.1816578089419144 0.41867476255059005
0.03937697790108838 0.11339519697699132 -0.0622125765226518 0.2794706520427978
0.1693275410715038 0.001820561295901825 -0.017291561155879567 0.21372153500297233
0.15675928364571384 0.017863511003683937 0.08281188161918299 -0.035153741011114216
0.03230309476846721 0.26812132484164264 0.4264700931251608 0.3687605899353395
0.2235449181883923 0.09345694841229177 -0.10767475103281429 -0.16247976549658968
0.07695707716457431 0.2233778618583282 0.054189158031815184 0.19478001895600278
0.046377380194533274 0.16637663638361438 -0.18663986216264875 0.08853189559591224
-0.0978224889186182 -0.09832088070862297 -0.029622071165266342 0.002668124913364964
0.47346400984917947 0.1588195296231588 0.20486824100478568 0.06948479501585866
-0.029772407475942377 -0.11403455072395403 -0.008627849218539116 -0.023359225624735726
0.9227825408815308 0.9993474926163106 0.9499828038063136 1.008383000164741
0.16019948305738535 0.18221092463573105 0.08495914555697169 -0.022987586521411637
0.008771216890299414 -0.08221417914363446 0.2710424261143926 -0.04063843077519929
0.17593152264018516 -0.1642009221495681 -0.2705214475620385 0.0536538723046424
1.1273445958202561 1.0938698423888222 1.1424130614152166 1.252215911459693
0.3379336254768214 -0.0216086496881134 0.1836969661147407 -0.25371470180648975
1.0646111533562663 1.414051710615426 1.4173548508997806 1.4013058151888202
2.5367180905034425 2.1572958778488944 2.401672908525347 2.38547583471362
0.04424285590801341 0.016924214650435605 0.06457714677566484 -0.061473648458715
0.3357372826389978 0.2919495805565883 0.0330717760957076 0.31553228208938655
0.1525567868130433 -0.027245538137260817 -0.11802727443955402 -0.06605329503629041
0.296937794377007 0.06413360670566834 -0.09753585055338884 0.19973874977290645
-0.24930708311794703 -0.02021798351689063 0.16229631545437703 -0.2509777584362158
0.17071219027327433 -0.0676217772882649 -0.033664184756285576 -0.09315784345011335
0.02902899863700721 -0.09566390341018939 0.09249337584827777 0.1463614537777011
0.06995279543513942 0.08010649791854305 0.03880048656242429 -0.031757130353107066
-0.16549445832687842 -0.3426827046144884 0.18655411628191995 -0.03756188947091549
0.5095474921468237 0.38861313203655995 0.6731282052449244 0.27905497739182683
1.0576856609067353 0.9979819492799213 0.819547988620268 0.7698134400164989
0.22468650481848035 0.5180398718266401 0.7175082811577087 0.5730331641958135
0.26983259849713814 -0.11970072727873055 -0.07493851251699067 0.010912265684686989
0.2552306727791081 0.1974479279568667 0.14338469470680731 0.039760594501433384
0.02536628466876486 0.009532710399524386 -0.44682916789659477 -0.043499132071172335
0.23411621900463014 0.19942888208389267 0.4559314584759752 0.5194658651729032
1.5716681489890378 1.4967161682824057 1.7128130143740048 1.4910815993100537
-0.06469835438151905 -0.024578057724688646 0.12623585971026352 -0.04740887857595725
0.1408399475224391 -0.15417345213104827 -0.03202494982856501 0.142746550381198
0.37303692568762625 -0.00228452762482391 0.24790119867501934 -0.0931678330824592
0.6604460811183755 0.7831093139781129 0.5913619637791341 0.6952299968863536
0.5756915829476295 0.6562014609774028 0.3719645576265522 0.5745419384509387
0.10864976020037018 -0.09695578167517167 -0.06123836900627852 0.043720396877684024
-0.019368478091858262 -0.1022975625856389 0.11643498472545939 0.14741604755004453
0.6890364380324637 0.7604581892033526 0.6033131257102573 0.6548314713885163
0.07529217586761065 0.0711534971730893 0.011828853059359401 0.08528785879269725
0.11942297423501297 0.3726239510952464 0.06039346119395336 -0.2288733352277942
-0.1962657185378828 0.0005266356484917292 0.06724091894157869 -0.08247937356525147
0.34097425993620756 -0.009904168625092608 -0.026809332683589617 0.02912862479539809
0.0003954179599130022 -0.030170956461844967 -0.31267646337643196 0.2094129431689932
0.9520312005612611 1.0029901847602531 1.1831770289070416 1.0119845184111183
0.7568483177960286 0.6417279756456826 0.25382019472744366 0.6810890998614079
1.8166610831944001 1.8340166527882618 1.559476875467705 1.7351433170362704
0.37305819809671287 0.27509793287515366 0.2869523864977839 0.07466363540990645
1.142149399728463 1.2190068046036073 1.2432303943527871 1.0762217927394655
0.02917733649024328 -0.2008410159283771 -0.24574424309863396 0.026234602919436332
0.3297060655246525 0.14837672923118567 0.02288101180310955 -0.17128336307440573
0.19993185253371054 -0.024770807547485806 -0.16607370089806436 0.09049984817940246
-0.003909601971109749 0.06206264937085379 -0.0716814279410962 0.045796223515342335
