-0.025751052059179623 -0.005840669981421065 0.22891487571144892 0.4597163764704906
0.31811767421917997 0.3341314495607948 0.14952192281443283 -0.006478976633940794
0.13710151637696014 0.22199632738367026 -0.010677609847618515 -0.21053531455839647
-0.01573756080014572 0.3420192696048127 0.17333323786277313 -0.0210184962876172
0.4058413673810715 0.2705154909973183 0.5028628338839828 0.5581773836264544
-0.14420905960997668 -0.30100906831901136 -0.05263002817079375 -0.04187059662956256
0.16278431339988805 -0.03619605308745969 0.08575663372863701 0.3137328333998393
-0.02939236249104538 0.03698112460636043 -0.09949275632949856 0.24161314766414194
0.07212408340599902 -0.22942157294307136 -0.11010366309648388 0.05754490074167487
-0.011722645816566657 -0.05099478955881062 -0.024314679421082105 -0.05977308271866797
-0.23753314490396232 0.1671661130308626 0.34569313304870325 0.3242132982536867
0.22399818864476187 0.08497830197042665 -0.11776860105043468 -0.17195944103037267
0.030841550513500546 -0.05444894480751503 -0.05435707071093207 -0.04584721908930518
0.013253450270243813 0.092052496834092 -0.2212790538224205 0.027764443099132063
-0.0978224889186317 -0.0983208807086318 -0.029622071165264573 0.002668124913364972
0.3081666485714933 -0.03292356688530677 0.03175645828849113 -0.17512567500954115
-0.04825353315655974 -0.1921484361862086 -0.03165873979908387 -0.06315275211893223
0.39754478375998903 0.41998507576539224 0.3798649916343936 0.4514703747422392
0.1601994830573776 0.182210924635746 0.08495914555698257 -0.022987586521412605
0.008772807143605456 -0.08221857964400761 0.27104417292732996 -0.04064788664036002
0.17263373498709828 -0.16909330787661095 -0.27448593368201696 0.05092904070122316
0.5294185596829325 0.368310744758955 0.5319112659665839 0.6295404431539859
0.343300598872873 -0.03561349324840829 0.15810258296821428 -0.25783519119268034
0.395098394655913 0.6281295089582348 0.822131023699195 0.7419915247494691
1.187707037227097 0.7446340962842519 1.1015217641820807 1.2469840448936547
0.001333576238373862 -0.0020471357453157608 0.022821201992993173 -0.0865419684704899
0.12074931644124734 -0.0184690720814336 -0.1656115035337935 0.0034158148918804723
0.15129760541077272 -0.030486910153177067 -0.12056252821226715 -0.07055496738877783
0.15459232492122585 -0.14953748448235568 -0.2753553511647031 0.06602503221769723
-0.2514325177232882 -0.022449087708737287 0.1605796305742208 -0.2643930404773205
0.1678530543083597 -0.07251167903071272 -0.03763074243309452 -0.09989633528488696
0.1033488174161623 -0.05963537358636344 0.12368367396232265 0.15598633014653676
0.08522663192005749 0.12980955123337778 0.04168108057963208 -0.012625262661841845
-0.16289003353878867 -0.37058508443735044 0.13606654075011418 -0.0468152043912154
0.20249041026336345 0.1483639328306528 0.44456544899866424 0.03220276066606927
0.6017111131499603 0.4639566686816807 0.29249907267915964 0.1395913002210213
-0.07415736454672224 0.15293368724169604 0.5239413501724204 0.2633835346334092
0.2696930462989776 -0.12025599112066823 -0.07601824397019342 0.011797539565242458
0.054365724313450894 0.12454584881828176 0.010028626823046595 0.006523194361479507
0.024718403067372198 0.008370263135820297 -0.44810710604368753 -0.04575994972752365
-0.06107341041226698 0.10398629296735877 0.35295909073303666 0.4579888987859615
0.7987781917506773 0.6819838707760976 0.9528004530772158 0.7280393610523417
-0.06465273818581585 -0.02465778224265325 0.12615606029455234 -0.047610616064144434
0.1408399475224643 -0.15417345213106654 -0.03202494982856184 0.14274655038120018
0.23899430183688683 0.004661221468590271 0.13519325966837148 -0.056380909653409736
0.4821786090729881 0.4805289327101532 0.31343901972165633 0.2583746929517553
0.1891322578537421 0.25453856572503447 -0.020223273822952074 0.27054531526878256
0.10849726358744757 -0.0971156450677928 -0.061386964514546866 0.04284699770979798
-0.047756854338373324 -0.12866387495508302 0.09931553948396278 0.13655344234159153
0.22213844998160726 0.4341940560822197 0.22260298577201415 0.3866025451737307
0.1261265508528784 0.3277259809253269 0.0649605578235587 0.2341421814190442
0.11984654137472016 0.3743531393452665 0.061145862921847684 -0.2277537625353058
-0.21565488885614684 -0.017343800984996518 0.03102576931852547 -0.09727989554860529
0.24359396438760367 -0.11932328207341991 -0.16967135588830543 -0.05514393233653582
-0.020412114644669837 -0.04333909890020799 -0.35211802404811854 0.22766828892796456
0.47977625260947854 0.6422067188452725 0.7723883204425273 0.6487347317592074
0.4364942783942012 0.5118690605626814 -0.09335252370471984 0.5769667804434785
0.8943332054664028 0.9278022232142508 0.5981861580847374 0.8956954763202599
0.15373254533180863 0.2173987588613687 0.1412905086184036 -0.0181516615624949
0.49561089161902183 0.5330955138727625 0.6304032468920298 0.3601913116345805
0.06732040733226805 -0.05559412866403928 -0.19754988834937715 0.14802766172396875
0.32301861225484 0.1359235396526523 0.012868562899196407 -0.18950944756019494
0.19969170263355088 -0.026736019931182797 -0.1663957365837434 0.09310784154447044
-0.003921070034393861 0.06206377603345032 -0.07172714125386159 0.04572545886874375
