0.0
-44.5
-83.5
-81.5
-84.0
-58.0
-58.5
-79.5
-79.5
-72.5
-70.5
-85.0
-45.0
-74.0
-63.0
-72.0
-58.0
-63.5
-88.0
-25.0
-71.0
-53.0
-60.5
-66.0
-82.5
-20.0
-79.0
-66.5
-57.5
-85.0
-55.0
-54.5
-83.5
-55.5
-77.0
-80.5
-45.0
-86.5
-34.5
-75.0
-65.0
-53.5
-64.0
-58.0
-55.5
-71.0
-44.5
-87.5
-55.0
-31.5
-87.0
-79.5
-72.5
-73.5
-44.0
-84.5
-51.0
-68.5
-71.0
-71.0
-64.5
-62.0
-54.0
-64.0
-79.5
-57.5
-59.5
-67.0
-60.0
-76.5
-87.0
-49.5
-85.0
-85.5
-51.0
-66.0
-85.0
-64.5
-45.0
-64.0
-65.0
-66.5
-61.0
-85.0
-54.0
-84.5
-77.0
-72.0
-65.0
-47.0
-65.0
-74.5
-69.5
-83.0
-50.0
-86.5
-61.5
-73.5
-55.0
-85.5
-62.5
-43.0
-84.5
-85.5
-54.5
-41.0
-43.5
-83.5
-87.0
-80.5
-49.5
-51.5
-75.5
-75.5
-60.0
-46.0
-33.5
-74.0
-64.0
-66.0
-29.0
-37.5
-87.5
-80.0
-76.0
-73.5
-86.0
-45.0
-59.5
-84.0
-78.0
-84.5
-68.5
-84.5
-82.0
-56.5
-76.5
-83.0
-34.5
-85.0
-53.5
-79.0
-74.5
-71.5
-78.0
-37.5
-46.0
-22.5
-74.5
-0.5
-57.5
-35.5
-27.0
-82.5
-86.0
-56.5
-78.5
-38.5
-85.0
-75.5
-46.0
-72.0
-58.0
-45.0
-71.5
-57.5
-73.0
-85.0
-69.5
-82.0
-70.0
-55.5
-73.0
-63.0
-80.5
-53.5
-41.5
-72.5
-39.5
-83.5
-76.0
-79.0
-78.5
-32.0
-84.5
-41.0
-68.5
-77.5
-67.5
-77.5
-36.5
-71.5
-90.0
-59.0
-78.0
-84.0
-67.5
-79.0
-84.5
-87.0
-73.0
-88.5
-73.5
-65.5
-41.5
-74.5
-90.0
-80.0
-86.0
-86.0
-60.0
7.0
-76.5
-43.0
-61.5
-71.0
-78.5
-86.0
-14.5
-84.0
-74.5
-81.5
-82.0
-80.5
-73.5
-81.5
-53.5
-74.5
-73.5
-51.0
-77.0
-82.0
-87.0
-61.0
-78.5
-52.0
-74.5
-60.0
-37.0
-86.0
-89.5
-86.5
-74.5
-75.0
-87.0
-71.0
-80.0
-66.5
-13.0
-90.5
-61.5
-67.5
-76.0
-57.5
-88.5
-77.5
-23.0
-86.5
-82.5
-69.5
-88.5
-56.5
-73.5
-65.5
-47.0
-72.0
-76.5
-18.5
-66.0
-59.0
-83.0
-84.0
-59.0
-78.5
-85.0
-82.5
-82.5
-75.0
-44.0
-55.5
-56.0
-89.0
-59.0
-82.5
-86.0
-76.0
-78.0
-87.0
-87.0
-68.0
-86.5
-67.5
-51.5
-40.0
-62.5
-78.5
-83.5
-85.5
-89.5
-54.5
-61.5
-54.5
-71.0
-65.5
-69.0
-65.5
-60.5
-61.5
-65.0
-71.5
-77.5
-89.5
-39.0
-74.5
-81.0
-76.0
-36.5
-59.5
-80.5
-83.0
-61.5
-70.5
-27.0
-60.5
-63.5
-47.0
-35.5
-86.5
-66.5
-66.5
-75.0
-26.5
-64.5
-65.0
-68.0
-66.0
-32.0
-60.5
-42.0
-80.5
-71.0
-53.0
-66.5
-65.0
-34.5
-37.0
-57.0
-45.5
-28.0
-51.0
-70.5
-68.0
-37.0
-62.0
-36.5
-20.5
-69.5
-83.0
-51.0
-76.0
-54.5
-45.0
-27.5
-72.5
-56.5
-45.0
-51.5
-77.0
-63.0
-73.5
-70.5
-58.5
-74.0
-82.5
-78.5
-21.5
-68.0
-77.0
-77.5
-45.0
-90.5
-81.5
-63.5
-30.5
-76.0
-84.0
-75.0
-68.0
-73.5
-76.5
-56.0
-77.0
-58.5
-45.0
-78.0
-70.0
-57.0
-75.0
-78.5
-80.5
-84.0
-79.5
-84.5
-66.5
-86.5
-65.0
-85.0
-65.0
-85.5
-78.5
-67.5
-81.5
-76.5
-67.5
-78.5
-87.5
-68.5
-77.5
-75.0
-90.0
-76.0
-70.5
-75.5
-57.5
-75.0
-62.0
-85.0
-59.0
-25.5
-84.5
-82.0
-88.0
-40.5
-73.5
-68.0
-88.0
-84.5
-62.0
-76.0
-70.0
-81.0
-83.0
-84.0
-78.0
-58.0
-71.0
-86.5
-79.5
-57.5
-88.0
-79.5
-66.0
-88.5
-66.5
-50.5
-71.0
-70.5
-57.5
-56.0
-60.0
-80.0
-71.0
-89.5
-73.0
-73.5
-81.0
-30.0
-40.0
-81.0
-83.0
-87.5
-88.0
-67.0
-86.5
-67.5
-66.0
-46.5
-31.5
-82.5
-72.0
-76.5
-31.0
-76.0
-58.0
-81.0
-69.5
-69.5
-23.0
-64.0
-83.0
-69.0
-38.5
-60.5
-59.5
-69.0
-39.5
-78.0
-63.5
-45.5
-83.5
-66.0
-16.0
-70.0
-80.0
-88.5
-76.5
-74.0
-72.0
-62.0
-63.5
-76.0
-58.5
-78.0
-63.0
-64.0
-32.5
-86.0
-55.0
-7.5
-77.0
-84.5
-70.0
-67.0
-55.0
-52.5
-73.0
-90.0
-48.0
-71.0
-46.5
-78.5
-76.0
-77.5
-73.0
-53.5
-82.5
-77.5
-63.0
-44.0
-75.5
-25.0
-76.5
-88.5
-50.5
-58.5
-78.0
-32.0
-74.5
-74.0
-57.0
-89.0
-75.5
-65.5
-82.5
-59.5
-76.5
-69.0
-77.5
-68.0
-59.0
-83.5
-42.0
-87.5
-77.0
-53.5
-65.5
-87.5
-70.0
-66.0
-70.0
-85.0
-54.5
-63.5
-78.0
-79.0
-74.0
-72.0
-68.0
-24.0
-68.0
-85.5
-56.0
-16.5
-75.5
-86.5
-70.0
-40.5
-74.0
-70.5
-85.5
-80.0
-74.5
-81.5
-72.5
-75.0
-25.0
-15.0
-37.5
-62.5
-79.0
-73.0
-75.5
-75.5
-59.0
-65.5
-15.0
-68.5
-35.5
-61.5
-76.5
-72.0
-62.0
-35.5
-86.5
-83.0
-81.0
-70.5
-42.5
-54.0
-86.0
-86.5
-31.5
-74.5
-62.0
-59.5
-78.0
-70.5
-74.5
-73.5
-21.0
-67.5
-90.5
-66.0
-67.5
-42.5
22.5
-91.5
-91.0
-88.5
-79.0
-85.5
-86.0
-66.5
-77.0
-48.5
-89.0
-87.0
-78.5
-82.5
-83.5
-60.5
-83.5
-44.5
-90.5
-88.5
-83.5
-75.0
-84.0
-83.5
-78.5
-89.0
-81.5
-89.0
-70.0
-81.0
-91.5
-91.0
-90.5
-83.0
-89.5
-87.0
-78.0
-73.0
-41.0
-84.0
-63.0
-79.0
-65.0
-82.5
-32.5
-53.0
-89.5
-44.5
-44.0
-90.0
-84.5
-86.0
-70.0
29.0
-82.0
-87.0
-75.0
-89.5
-80.0
-91.0
-92.0
-80.5
-89.0
-72.5
-52.0
-84.0
-81.5
-62.5
-61.5
-76.0
-89.5
-85.0
-76.5
-88.5
-71.5
-87.5
-91.0
-79.0
-79.0
-91.5
-86.5
-73.5
-76.0
-91.0
-81.0
-62.5
-86.0
-65.0
-79.0
-88.5
-87.5
-83.0
-73.0
-71.0
-51.0
-88.0
-54.0
-86.0
-83.5
-57.0
-64.5
-50.5
-86.0
-91.0
-51.0
-65.5
-89.0
-80.0
-77.0
-91.5
-89.5
-89.5
-76.5
-89.5
-72.0
-88.5
-84.0
-52.5
-71.5
-88.5
-80.0
-80.0
-55.0
-88.0
-37.0
-80.5
-89.0
-85.0
-86.0
-77.0
-87.0
-87.5
-87.0
-71.5
-90.5
-89.5
-84.5
-90.5
-90.0
-52.5
-80.0
-68.5
-64.0
-56.0
-55.0
-61.5
-45.0
-89.0
-80.5
-73.5
-82.0
-83.5
-74.5
-49.0
-85.5
-88.5
-88.5
-91.0
-86.5
-86.5
-89.0
-52.0
-82.5
-76.0
-82.0
-83.5
-19.5
-62.0
-90.0
-88.0
-82.0
-89.5
-76.0
-58.0
-68.5
-74.5
-50.0
-50.0
-44.5
-87.5
-13.5
-72.5
-70.0
-53.0
-87.0
-59.0
-69.5
-66.5
-88.0
-43.5
-32.0
-69.5
-78.0
-17.5
-71.5
-78.5
-88.0
-91.0
-67.0
-90.0
-88.0
-71.5
-76.0
2.5
-91.5
-72.0
-77.0
-68.0
-39.5
-71.5
-79.5
-72.5
-87.5
-59.5
-83.5
-79.5
-82.5
-37.0
-87.5
-50.5
-86.5
-91.0
-81.5
-63.0
-87.5
-68.0
-56.0
-85.0
-52.0
-86.5
-69.0
-1.0
-89.0
-84.0
-48.0
-83.0
-85.5
-85.5
-58.0
-80.0
-60.5
-87.0
-85.5
-80.0
-66.5
-43.0
-63.5
-77.5
-75.5
-60.5
-75.5
-88.5
-72.0
-73.5
-90.0
-52.5
-82.0
-55.0
-53.5
-88.5
-81.5
-71.0
-83.0
-90.0
-46.0
-78.0
-90.0
-75.0
-49.0
-87.0
-73.5
-75.0
-68.5
-88.0
-89.5
-9.5
-90.5
-82.5
-63.0
-85.5
-85.0
-75.5
-51.5
-84.5
-86.5
-53.0
-81.0
-75.5
-89.0
-78.0
-86.5
-78.5
-88.0
-64.0
-89.0
-74.0
-79.0
-85.0
-72.0
-71.0
-84.0
-71.5
-45.5
-64.5
-3.0
-83.5
-74.5
-65.0
-54.5
-62.0
-68.0
-86.0
-46.5
-77.5
-64.5
-81.5
-87.0
-89.0
-89.0
-59.5
-90.0
-53.0
-62.0
-63.0
-78.0
-91.5
-82.5
-68.5
-50.5
-73.5
-80.5
-40.5
-75.0
-70.0
-75.5
-55.0
-90.0
-69.0
-89.5
-86.0
-84.0
-60.5
-76.0
-88.5
-69.5
-41.5
-79.0
-68.0
-90.0
-41.5
-68.5
-81.5
-83.0
-82.0
-66.0
-81.5
-62.5
-74.0
-78.5
-69.5
-55.0
-88.0
-83.5
-80.5
-79.5
-79.5
-68.0
-89.5
-74.5
-90.5
-78.5
-79.5
-39.0
-45.5
-79.0
-86.5
-89.0
-86.5
-55.0
-60.0
-59.5
-78.0
-70.0
-40.0
-64.0
-70.0
-54.0
-69.5
-19.5
-33.0
-87.5
-89.5
-84.5
-90.5
-48.0
-31.0
-88.5
-81.5
-78.5
-36.5
-63.5
-80.0
-89.5
-88.0
-89.0
-59.5
-40.5
-86.5
5.0
-90.5
-82.5
-60.0
-78.0
-54.5
-73.5
-75.5
-91.5
-53.5
-77.0
-59.5
-85.5
-55.5
-83.5
-61.0
-70.5
-85.5
-23.0
-83.0
-82.0
-68.5
-70.0
-85.0
-47.0
-66.0
-77.5
-83.0
-90.0
-86.5
-68.0
-76.0
-45.5
-63.5
-64.5
-85.5
-40.0
-56.5
-26.0
-88.5
-74.0
-57.5
-90.0
-85.0
-76.5
-77.0
-45.5
-77.5
-85.5
-7.5
-67.5
-30.0
-44.5
-65.0
-81.5
-76.5
-68.0
-58.0
-72.0
-75.0
-4.0
-57.0
-71.5
-69.0
-67.0
-39.0
-76.0
-55.0
-76.0
-87.5
-65.5
-73.0
-70.5
-71.0
-84.5
-65.0
-74.5
-66.0
-71.0
-76.0
-67.5
-79.5
-76.0
-65.5
-29.0
-11.0
-80.0
-73.5
-52.0
-63.0
-60.0
-38.0
-82.0
-49.5
-75.0
-78.0
-37.5
-78.5
-55.0
-64.5
-77.5
-74.5
-60.0
-75.0
-70.5
-30.0
-32.5
-57.5
-67.0
-58.0
-64.5
-59.0
-36.0
-40.5
-76.5
-74.5
-82.0
-30.0
-88.5
-75.5
-72.5
-42.5
-46.5
-67.0
-3.0
-72.0
-58.5
-62.0
-34.5
-60.5
-74.0
-73.0
-77.0
-47.5
-81.5
-61.0
-61.5
-62.0
-53.5
-38.0
-67.0
-55.0
-43.5
-68.0
-76.5
-56.5
-53.5
-55.5
-71.0
-49.5
-66.0
-26.0
-35.5
-53.5
-86.0
-19.0
-78.0
-80.0
-53.5
-44.5
-76.5
-34.5
-84.0
-68.5
-56.0
-70.0
-87.0
-67.0
-77.0
-43.5
-70.0
-54.5
-71.5
-43.0
-0.5
-62.0
-52.5
-49.0
-86.5
-46.0
-40.5
-70.0
-65.0
-61.0
-78.0
-53.5
-75.0
-52.5
-77.0
-54.0
-63.0
-18.5
-76.0
-35.0
-72.0
-66.5
-84.5
-69.5
-72.5
-61.0
-69.5
-65.0
-77.5
-59.0
-56.5
-51.5
-56.0
-43.0
-35.5
-56.5
-52.5
-58.5
-68.5
-37.5
-44.5
-72.0
-57.0
-35.0
-48.0
-63.0
-60.5
-81.5
-78.0
-50.0
-81.5
-50.5
-63.0
-64.5
-50.5
-58.5
-72.5
-71.5
-83.0
-3.0
-48.0
-48.5
-55.0
-33.0
-61.0
-54.0
-71.5
-74.5
-77.0
-55.5
-24.0
-68.5
-59.5
-71.0
-59.0
-52.5
-83.0
-67.5
-44.0
-60.0
-64.0
-64.0
-49.0
-83.0
-72.0
-80.0
-78.0
-63.5
-72.0
-66.0
-44.5
-45.0
-47.5
-58.0
-82.0
-80.0
-65.0
-56.0
-61.0
-72.5
-74.5
-69.5
-59.0
-73.5
-42.5
-86.0
-81.0
-77.5
-63.0
-80.5
-83.5
-57.0
-80.5
-65.5
-55.5
-64.5
-57.0
-83.0
-21.0
-4.0
-53.0
-52.0
-32.0
-51.0
0.0
-59.0
-81.0
-67.0
-59.5
-69.0
-63.0
-82.0
-57.0
-87.5
-68.5
-66.0
-63.0
-63.5
-48.5
-83.5
-57.5
-87.0
-74.0
-74.0
-43.0
-71.0
-26.5
-52.5
19.5
-74.0
-58.0
-18.0
-56.0
-78.0
-64.5
-77.0
-67.5
-67.0
-48.0
-85.5
-77.0
-37.0
-46.0
-72.0
-69.5
-43.5
-52.0
-24.0
-31.5
-51.5
-47.0
-72.5
-57.5
-74.0
-71.5
-86.5
-74.0
-46.0
-70.5
-46.0
-73.5
-54.5
-65.0
-40.0
-71.0
-35.5
-81.0
-80.0
-71.0
-55.5
-83.0
-71.5
-47.5
-47.5
-64.5
-63.5
-82.5
-69.5
-43.5
-80.5
-64.5
-82.0
-66.0
-15.5
-74.5
-74.0
-58.0
-84.0
-71.5
-71.5
-81.0
-85.0
-81.0
-65.5
-64.0
-63.5
-49.5
-56.5
-78.0
-73.5
-64.0
-66.5
-78.5
-73.0
-87.0
-79.5
-51.5
-48.0
-65.0
-83.5
-52.5
-69.0
-80.0
-70.5
-65.0
-64.5
-63.0
-81.0
-73.0
-57.0
-87.0
-67.5
-74.5
-48.5
-62.0
-71.0
-64.5
-81.5
-63.5
-55.5
-58.5
-84.0
-72.5
-70.5
-62.0
-77.0
-65.0
-42.0
-71.0
-66.0
-44.0
-86.5
-62.5
-70.0
-75.5
-82.0
-39.5
-80.0
-74.0
-65.5
-70.5
-26.0
-59.0
-43.0
-17.5
-85.0
-66.0
-12.0
-82.5
-84.5
-52.0
-38.0
-76.5
-36.0
-80.5
-76.0
-58.0
-27.0
-60.0
-63.0
-58.5
-75.0
-49.5
-71.0
-59.0
-82.0
-42.5
-64.0
-43.5
-59.5
-64.5
-47.0
-86.5
-61.5
-64.5
-63.5
-65.5
-61.5
-78.0
-57.0
-80.5
-71.5
-56.0
-57.0
-79.5
-74.5
-71.0
-29.0
-55.5
-76.0
-81.0
-48.5
-65.5
-65.5
-38.0
-54.5
-72.0
-76.5
-47.0
-66.5
-74.5
-78.5
-64.0
-69.0
-70.5
-86.5
-54.0
-86.0
-42.5
-63.0
-85.0
-83.5
-48.5
-58.0
-79.0
-48.0
-70.5
-23.5
-76.0
-80.5
-69.5
-56.0
-60.0
-37.0
-72.0
-77.5
-85.0
-44.5
-84.5
-69.0
-6.0
-85.0
-83.5
-67.5
-63.0
-57.5
-63.5
-48.0
-45.5
-65.0
-85.0
-57.5
-67.5
-85.0
-83.5
-81.0
-80.0
-76.5
-23.0
-69.5
7.5
-66.0
-84.0
-82.0
-48.5
-81.5
-72.0
-15.0
-85.5
-63.0
-59.0
-79.5
-81.0
-62.5
-49.5
-66.5
-82.0
-70.0
-83.0
-59.0
-56.0
-56.5
-67.5
-83.5
-50.5
-82.5
-59.0
-65.5
-74.5
-52.0
-55.5
-90.5
-73.5
-86.5
-90.0
-84.5
-71.5
-53.5
-79.0
-86.0
-60.5
-72.0
-89.5
-75.5
-83.0
-90.5
-76.0
-78.0
-76.0
-89.5
-1.0
-92.5
-80.5
-79.5
-91.0
-92.0
-86.5
-91.0
-92.0
-80.5
-74.5
-85.5
-91.0
-69.0
-85.5
-68.0
-63.5
-84.5
-92.0
-76.5
-82.0
-91.5
-84.0
-89.0
-86.5
-56.0
-89.5
-88.5
-74.0
-91.0
-71.0
-89.5
-89.5
-87.0
-91.5
-89.0
-91.5
-91.5
-76.0
-79.0
-92.0
-90.5
-71.0
-74.0
-83.5
-80.0
-80.5
-90.5
-50.5
-83.0
-72.0
-76.0
-88.0
-92.0
-92.0
-76.5
-90.5
-90.5
-68.0
-88.5
-76.5
-58.5
-91.5
-76.5
-81.0
-90.5
-73.5
-88.0
-66.5
-18.0
-81.5
-82.0
-65.5
-76.5
-73.5
-91.5
-85.5
-72.5
-87.5
-87.5
-71.0
-62.5
-91.5
-70.0
-69.0
-58.0
-92.5
-84.5
-87.0
-71.5
-86.5
-88.0
-90.0
-89.5
-84.5
-63.5
-85.0
-63.5
-88.5
-89.5
-73.5
-89.5
-91.0
-74.0
-83.0
-46.5
-89.5
-89.5
-92.0
-89.0
-69.5
-84.5
-62.0
-72.5
-91.0
-91.0
-92.0
-91.0
-92.5
-63.0
-92.0
-88.0
-92.0
-83.0
-89.5
-74.0
-90.5
-66.0
-92.5
-90.0
-92.0
-76.0
-69.0
-92.0
-92.5
-59.5
-55.5
-89.5
-92.5
-78.0
-74.5
-65.5
-53.5
-79.5
-71.0
-72.0
-67.0
-87.0
-63.0
-89.0
-89.5
-67.5
-72.0
-73.5
-64.0
-90.5
-61.0
-70.0
-74.0
-68.0
-82.5
-88.5
-76.0
-83.0
-60.5
-77.0
-90.5
-35.5
-89.5
-77.0
-89.5
-72.5
-91.5
-74.5
-82.5
-89.5
-76.0
-89.5
-80.0
-69.0
-90.0
-91.5
-89.5
-75.5
-90.0
-77.5
-67.0
-82.0
-91.0
-86.0
-62.0
-63.5
-76.0
-88.5
-81.0
-84.5
-87.5
-58.5
-82.0
-72.0
-75.0
-71.5
-86.5
-79.5
-91.0
-79.0
-78.5
-76.5
-89.5
-88.5
-73.5
-90.0
-75.0
-64.0
-56.0
-89.5
-72.5
-91.5
-82.5
-91.0
-89.5
-81.5
-84.5
-64.5
-76.5
-86.0
-89.5
-74.5
-68.0
-79.0
-91.5
-56.5
-70.5
-59.5
-87.5
-84.0
-82.5
-69.5
-80.5
-86.5
-63.0
-73.5
-84.0
-60.5
-73.5
-82.0
-89.0
-39.0
-68.0
-31.0
-91.0
-36.5
-65.0
-88.5
-85.0
-71.5
-89.0
-76.0
-78.0
-54.5
-79.0
-91.5
-65.0
-88.5
-41.0
-81.5
-86.0
-50.5
-70.0
-87.5
-74.5
-61.0
-48.5
-73.5
-67.5
-91.5
-81.0
-35.5
-72.5
-73.0
-89.0
-81.5
-55.5
-46.0
-80.5
-80.5
-74.5
-67.0
-69.0
-81.0
-68.5
-73.0
-70.5
-92.5
-67.0
-66.0
-84.5
-90.5
-68.5
-58.5
-71.5
-32.5
-53.0
-60.0
-83.5
-76.0
-55.5
-86.5
-75.0
-80.5
-78.5
-78.0
-85.5
-92.5
-52.5
-90.5
-92.0
-42.0
-66.0
-64.0
-76.5
-91.0
-79.0
-82.5
-64.0
-89.5
-81.0
-89.5
-90.0
-62.5
-89.5
-77.5
-87.5
-66.5
-92.0
-74.0
-79.5
-77.5
-85.5
-88.0
-55.0
-88.0
11.5
-92.5
-87.0
-92.5
-84.5
-70.5
-89.5
-87.5
-87.5
-90.0
-86.0
