-0.02590357391270194 -0.006305740230725248 0.22921664471691555 0.4592698332231546
0.3174869795819858 0.33359701640120915 0.1483455486253373 -0.007532814414249396
0.13687077886060853 0.22185047962935942 -0.011198204591250198 -0.21106130675285997
-0.016056433627373332 0.3416545527107859 0.17296046060929487 -0.021710971884002256
0.40519700567363737 0.2693444843147853 0.5030020511851198 0.5564221727364419
-0.14420905960997588 -0.30100906831900787 -0.052630028170800404 -0.04187059662956803
0.16279878180315724 -0.03609576354146164 0.08541859843077496 0.3137650691455383
-0.029471087812778605 0.03683155744095064 -0.09949937642449308 0.24144746889006258
0.07212869822382159 -0.2294275323969168 -0.11010376658105844 0.05752917101847669
-0.011750239429711925 -0.05108941014206514 -0.02425840761888462 -0.059932561984255936
-0.23801560352188944 0.16662449354170034 0.34514289514159124 0.3233937692652871
0.2238175772679113 0.08476432037177163 -0.11790877446447165 -0.1724837757584983
0.030841550513497813 -0.05444894480751204 -0.05435707071093153 -0.04584721908930039
0.013253450270243352 0.09205249683408988 -0.2212790538224233 0.027764443099135047
-0.0978204624356071 -0.09829698708267308 -0.02966910373810476 0.0026270016753180926
0.3078775463659422 -0.03325523763148935 0.031448822729982076 -0.17587422256318014
-0.04825353315655516 -0.19214843618621505 -0.03165873979908346 -0.06315275211894032
0.3967293797391769 0.41877831177679425 0.3793706060142984 0.4495595452276409
0.16019948305738535 0.18221092463573105 0.08495914555697169 -0.022987586521411637
0.00877284384454466 -0.08221865707519807 0.2710441283314204 -0.040647881012145594
0.1726337349870903 -0.16909330787663585 -0.27448593368203905 0.05092904070122177
0.528599002402474 0.3668361252061152 0.5320160560927261 0.6273967781064983
0.34326859529890963 -0.035544231350989754 0.15794146790623517 -0.25791351540765034
0.3936205786980229 0.6263014374507592 0.8206136079689118 0.7390242662739747
1.1857565489495603 0.7417861211835336 1.1001221052212946 1.2426440754425994
0.0012102136030665068 -0.002251317458206216 0.022743437271196217 -0.08696885699933982
0.12068980183086782 -0.018319960880954004 -0.1661502625645461 0.0036076130297708893
0.15130278300679223 -0.03035778207736149 -0.12085541797351257 -0.07036272780209948
0.1545923249212515 -0.14953748448233428 -0.27535535116471305 0.06602503221769107
-0.25143251772327657 -0.02244908770873513 0.16057963057421173 -0.2643930404773451
0.16780424666582985 -0.07242471299590628 -0.037968044649644456 -0.0998517655214011
0.10334881741617248 -0.05963537358636204 0.12368367396232277 0.15598633014653185
0.08522663192004475 0.12980955123335902 0.041681080579638416 -0.012625262661843268
-0.16289003353876771 -0.3705850844372968 0.13606654075008762 -0.04681520439122132
0.2020019416224822 0.1478620267874768 0.4438467266743295 0.03127296569998925
0.6008516658693834 0.46270217918214235 0.29185402015939316 0.1373360796143415
-0.07462303360813251 0.15229807618206567 0.523777338318872 0.2623667350050912
0.26969304629895197 -0.12025599112066428 -0.07601824397018142 0.011797539565241457
0.054044099532492756 0.12436729031482309 0.009197428212470184 0.006139758181553892
0.024718403067369353 0.00837026313582015 -0.44810710604373205 -0.04575994972752167
-0.06133082338646823 0.1032880860827711 0.3534253922381663 0.4571509677017909
0.7971912517134638 0.6795937504505959 0.9518864619530027 0.7242270744729288
-0.06465179293457135 -0.024551706417841157 0.12588309478149046 -0.04747412907064667
0.1408399475224391 -0.15417345213104827 -0.03202494982856501 0.142746550381198
0.2388104602608942 0.004450453616465002 0.13495010378488548 -0.056795873955341095
0.4813460900789602 0.47940967036158666 0.3127040181606049 0.25642935268625305
0.1885570293719536 0.2539468449548991 -0.021181547751834836 0.26953465397890075
0.10849726358744945 -0.09711564506779255 -0.06138696451454465 0.04284699770979238
-0.047732937927530895 -0.12858431608017698 0.09897248815482117 0.13657905841627374
0.2214870415833934 0.4332327800338032 0.2221474924396926 0.3850866998348836
0.12565181020931568 0.32727331727836634 0.06418464257429522 0.23346008110174604
0.11943421847785739 0.37399435675180864 0.0602675121773553 -0.22864828681377022
-0.2156548888561231 -0.017343800984994856 0.03102576931852429 -0.09727989554860612
0.24356229786933256 -0.11935259925917938 -0.1697137508431262 -0.05521913666408864
-0.020412114644667908 -0.04333909890021424 -0.35211802404813664 0.22766828892793725
0.4784342317679832 0.6404441327998256 0.7712365549230532 0.6459267244983559
0.43553846048899303 0.5107294259784405 -0.09451866756837202 0.5752096714823717
0.8926964751930825 0.9253504108610031 0.5972539875371519 0.891842219843482
0.15338030382447015 0.2168872304029328 0.14104550606072286 -0.019093793636467682
0.4944663151608423 0.5315342084348874 0.6295186393697811 0.3575215397633748
0.06728011376268195 -0.05567679692345735 -0.19768708981111205 0.1479335652100223
0.32301861225483813 0.13592353965265191 0.012868562899196075 -0.18950944756017368
0.1996398138634552 -0.026672604415717994 -0.16673191615237262 0.09324926549466143
-0.003921070034393258 0.06206377603344341 -0.07172714125385637 0.04572545886874151
