0.23363749704031272 0.30788772953138144 0.40280366001035944 0.5746447672509043
0.27793995841174024 0.2555649946378965 0.1517960785668352 0.07262972887893195
0.2188855618234073 0.38343876403062516 0.10254800078914665 0.05894409128001257
0.2963354292912435 0.7593216926381876 0.5042142007605782 0.46228661257010933
1.1974681003743834 1.1001400052942658 1.2410740859043365 1.2027430548280422
-0.01327514758556796 -0.08521575960760097 0.06453278302286267 0.1230698282381415
0.18129137675251802 0.1724048044352087 0.18182184799534476 0.41880220404651936
0.03906001117028319 0.1133708961329337 -0.06216212852733252 0.27938840224785066
0.16932754107151518 0.0018205612959019944 -0.01729156115587651 0.21372153500294552
0.15711593860814163 0.01792573307930993 0.08335687869527388 -0.035207861644916925
0.03267979898050576 0.2684518837652204 0.4272638613446355 0.36895083948845336
0.22354491818840092 0.09345694841229045 -0.10767475103282706 -0.16247976549661594
0.07708853997223715 0.22365703430613537 0.05419822966811649 0.19506160685656646
0.046633871645227726 0.16665714514160354 -0.1865237450151558 0.08891413546308355
-0.0978224889186317 -0.0983208807086318 -0.029622071165264573 0.002668124913364972
0.4738256532154429 0.15918999495087793 0.2057363573410877 0.06956656975855399
-0.030021453804300446 -0.11396766644034029 -0.008577784422301723 -0.023263917764736294
0.922201677899737 1.0006292164743527 0.9518094345249449 1.0088371696325942
0.1601994830573776 0.182210924635746 0.08495914555698257 -0.022987586521412605
0.008771216890298746 -0.0822141791436332 0.2710424261143634 -0.04063843077520062
0.17593152264020478 -0.16420092214955412 -0.27052144756202545 0.05365387230464701
1.1264593356731436 1.095333456765587 1.1450712656349844 1.2527908737665403
0.33793362547677425 -0.021608649688112776 0.18369696611475755 -0.25371470180647876
1.0634973182614496 1.4156534661362878 1.4202219044967896 1.401989040451516
2.5355147124702686 2.1605737247781676 2.407314547534245 2.3866073757735196
0.04430048713722566 0.016897668225922417 0.06487683905206205 -0.061502258001763496
0.3357372826389961 0.2919495805565808 0.03307177609570193 0.3155322820893744
0.15255678681305726 -0.02724553813725844 -0.11802727443955105 -0.0660532950362855
0.2972703480743516 0.06451588555369399 -0.09704171478170177 0.20008178552652706
-0.2493070831179448 -0.020217983516890355 0.1622963154544036 -0.2509777584361622
0.17071319046368214 -0.06761857457129308 -0.033659713054145314 -0.09315347786762056
0.02887614910682618 -0.09552747349750408 0.09249752554898538 0.14642939925000262
0.0699527954351306 0.08010649791854152 0.03880048656242292 -0.0317571303531125
-0.16549445832686452 -0.3426827046145001 0.1865541162819269 -0.03756188947091609
0.5092914276983089 0.38923397917931146 0.6744174882390582 0.2791430219884359
1.0572769418944334 0.9992532017692319 0.8216502078958398 0.7703921917095845
0.22427359195822996 0.5186931360451426 0.7183125216013944 0.5733399380302239
0.26983259849713903 -0.11970072727872554 -0.07493851251698574 0.010912265684686942
0.25542054369727907 0.197734491845599 0.14416209512648442 0.03990191029494864
0.025366284668765005 0.009532710399525655 -0.4468291678965902 -0.04349913207117442
0.2344208655646176 0.19978785990548154 0.4570515089486765 0.5196089797167871
1.570401270260514 1.4987290987602397 1.7164168073454786 1.4916775659122363
-0.06469835438152388 -0.024578057724686186 0.12623585971027043 -0.04740887857595328
0.1408399475224643 -0.15417345213106654 -0.03202494982856184 0.14274655038120018
0.37338930566205036 -0.001948677055340305 0.24894633314797646 -0.09307832428119518
0.659298703338449 0.7837520728531202 0.592483553452814 0.6952873136581385
0.5756654587296877 0.657005321650098 0.3734275194166092 0.5750223741001664
0.10864976020037152 -0.09695578167516068 -0.06123836900627482 0.04372039687768667
-0.019368478091856465 -0.10229756258563762 0.11643498472545957 0.1474160475500285
0.6888087469013892 0.7612922651626643 0.6052818163942673 0.6551014471027967
0.07442410181752418 0.07075857916184099 0.011973273147020276 0.08470672225517563
0.11942297423500149 0.37262395109524277 0.06039346119395332 -0.2288733352278166
-0.19626571853786234 0.0005266356484918378 0.06724091894158929 -0.08247937356525327
0.34111806801733524 -0.009582020648158275 -0.02640558264672518 0.029187836086019527
0.0003954179599130066 -0.030170956461847646 -0.3126764633764174 0.20941294316899092
0.9508299379514321 1.0041504965025223 1.185449508961804 1.0122107121863684
0.756288071520524 0.6424436448476568 0.25522215401998766 0.6812588337288541
1.8153504152791868 1.836257482272388 1.5633712874198176 1.7358704090893582
0.37321597872276885 0.2754793971471608 0.28790262745749523 0.07472281434081028
1.1415093249660344 1.2205500934433597 1.245906366968406 1.0768083277089642
0.029180111970049105 -0.2008418350627532 -0.24573715756327927 0.026231663660403307
0.3297064461732595 0.14838623230981857 0.022893916868305303 -0.1712720181235215
0.19993185253372373 -0.024770807547486482 -0.1660737008980735 0.09049984817940013
-0.003909601971110297 0.062062649370853616 -0.0716814279410935 0.045796223515336694
