0.23394980091883785 0.3074289552130804 0.40200464936875396 0.574479210981815
0.2785094595993374 0.2556090424674329 0.15145572718585645 0.0729287221437893
0.21910398434631975 0.3832035909869423 0.10225765397441085 0.05886059963114449
0.2965274194484137 0.75865671339559 0.5034637953644282 0.46191986634245336
1.197419029559955 1.0983960610517935 1.2383232693878723 1.202030428924386
-0.013724440169705587 -0.08548358593803333 0.06449558717770403 0.12273629823392064
0.1815064388756801 0.17213597112815368 0.18165797298096784 0.41867488999208596
0.03937666093435757 0.11339517267614727 -0.06221252607465648 0.27947056979300283
0.1693275410715038 0.001820561295901825 -0.017291561155879567 0.21372153500297233
0.15675964030067627 0.017863573225759564 0.08281242661625908 -0.03515379513174802
0.03230347147267925 0.2681216554005662 0.42647088689338025 0.3687607801848926
0.2235449181883923 0.09345694841229177 -0.10767475103281429 -0.16247976549658968
0.07695720862738198 0.223378141030776 0.05418916710345149 0.19478030054390333
0.046377636685983964 0.16637691689237238 -0.18663974604550126 0.08853227783577941
-0.0978224889186182 -0.09832088070862297 -0.029622071165266342 0.002668124913364964
0.4734643714925458 0.1588199000884865 0.20486910912112197 0.06948487679060136
-0.029772656522270735 -0.11403448383967042 -0.008627799153742878 -0.023359130316875726
0.922781960018549 0.9993487743401687 0.9499846304370323 1.0083834543342087
0.16019948305738535 0.18221092463573105 0.08495914555697169 -0.022987586521411637
0.008771216890299414 -0.08221417914363446 0.2710424261143926 -0.04063843077519929
0.17593152264018516 -0.1642009221495681 -0.2705214475620385 0.0536538723046424
1.1273437105601092 1.093871306003199 1.1424157196194362 1.2522164864219998
0.3379336254768214 -0.0216086496881134 0.1836969661147407 -0.25371470180648975
1.0646100395211715 1.414053312370947 1.4173577179533776 1.401306498414083
2.5367168871254093 2.157299155695824 2.401678550164356 2.38547696625468
0.044242913539242625 0.01692418810401109 0.06457744646794122 -0.06147367706825805
0.3357372826389978 0.2919495805565883 0.0330717760957076 0.31553228208938655
0.1525567868130433 -0.027245538137260817 -0.11802727443955402 -0.06605329503629041
0.29693812693070437 0.06413398898451637 -0.09753535641761715 0.19973909280866006
-0.24930708311794703 -0.02021798351689063 0.16229631545437703 -0.2509777584362158
0.17071219127346474 -0.06762177408554794 -0.033664180284583435 -0.09315783908453086
0.02902884578747703 -0.0956637669802767 0.09249337999797848 0.1463615217231734
0.06995279543513942 0.08010649791854305 0.03880048656242429 -0.031757130353107066
-0.16549445832687842 -0.3426827046144884 0.18655411628191995 -0.03756188947091549
0.5095472360823752 0.3886137528837027 0.6731294945279186 0.27905506543642344
1.057685252187723 0.9979832205324106 0.8195500908395436 0.769814018768192
0.22468609190562008 0.5180405250908586 0.7175090853981524 0.573033470969648
0.26983259849713814 -0.11970072727873055 -0.07493851251699067 0.010912265684686989
0.25523086265002626 0.19744821452075542 0.143385472107227 0.039760735817226896
0.02536628466876486 0.009532710399524386 -0.44682916789659477 -0.043499132071172335
0.23411652365119012 0.19942924106171428 0.4559325785264479 0.519466008287447
1.5716668821103092 1.4967181812128836 1.7128166181669764 1.4910821952766558
-0.06469835438151905 -0.024578057724688646 0.12623585971026352 -0.04740887857595725
0.1408399475224391 -0.15417345213104827 -0.03202494982856501 0.142746550381198
0.3730372780676007 -0.0022841917742544263 0.2479022438094923 -0.09316774357365794
0.6604449337405957 0.7831099567369879 0.5913630853688077 0.6952300542031253
0.5756915568234114 0.6562022648380755 0.3719660205883422 0.5745424188865879
0.10864976020037018 -0.09695578167517167 -0.06123836900627852 0.043720396877684024
-0.019368478091858262 -0.1022975625856389 0.11643498472545939 0.14741604755004453
0.6890362103413327 0.7604590232793119 0.6033150944009413 0.6548317413642305
0.07529130779356057 0.07115310225507807 0.011828997479447063 0.08528727765615973
0.11942297423501297 0.3726239510952464 0.06039346119395336 -0.2288733352277942
-0.1962657185378828 0.0005266356484917292 0.06724091894157869 -0.08247937356525147
0.34097440374428867 -0.009903846477115672 -0.026808928933552755 0.02912868400668871
0.0003954179599130022 -0.030170956461844967 -0.31267646337643196 0.2094129431689932
0.9520299992986513 1.0029913450719954 1.1831793013870964 1.0119847446048935
0.7568477575497531 0.6417286913148846 0.2538215966867362 0.6810892695952753
1.8166597725264848 1.8340188936177457 1.5594807698796573 1.7351440441283235
0.37305835587733893 0.27509831433942566 0.28695333673874357 0.07466369458883736
1.1421487596537006 1.2190083478924472 1.2432330703254026 1.0762223792744352
0.029177339265723086 -0.20084101674751148 -0.2457442360130986 0.026234599980177298
0.3297060659053011 0.1483767387342643 0.022881024708174748 -0.17128335172945486
0.19993185253371054 -0.024770807547485806 -0.16607370089806436 0.09049984817940246
-0.003909601971109749 0.06206264937085379 -0.0716814279410962 0.045796223515342335
