-0.05509585850937962 0.200128138849511 0.21101017876145195 -0.15223614660210305
-0.042675693366325075 -0.1992381662624051 -0.05137041875044161 0.1497009821915332
0.1740403867212393 0.4044693949146996 0.4281926576994581 0.01231458762613241
-0.09274717584907195 -0.1215003600962638 -0.16168111286013237 0.015901303046738608
-0.12132892692293777 0.16852121985466595 0.04271412512539015 -0.49142270569766794
-0.010506629934109477 0.1998620822163542 -0.02098224688434308 0.34223041108385616
-0.01607780622444138 -0.015153096386273854 -0.05933852591110967 0.014793868205859047
0.15681147110404287 -0.06739529083026556 -0.03944566871894891 -0.21146104250809916
-0.07007409444425744 0.10511631907277291 0.026369148297191912 -0.1657638364844781
-0.16439608198902042 -0.024704476535796438 -0.22583432209649926 0.18444855463554738
0.09372986784599154 0.4505363882212579 0.10718670642671571 -0.0463804401194728
0.48621596781511944 0.11743649329797354 0.5163213480686308 0.3523496444375218
-0.1731636385516186 0.25774874960823296 -0.22346217714401526 0.03678223798096061
-0.0685521000459406 -0.2985319808252095 0.12240980402451568 0.2097788244759475
0.8540601935585966 0.8828728948255866 0.9353479596626622 0.5429075193917098
0.5939360589182926 0.820016222007162 0.636348331267683 0.22230013291801917
0.22162120624842882 0.31055961715616565 0.016614459905290264 -0.063717335154517
0.39158813604659004 0.6595417500399344 0.39813851778276316 0.6140356903358223
-0.050767165715584026 -0.09292404809032517 -0.04959318698866637 -0.0325507971625226
0.14454046391443842 0.10127784511746685 0.04190319963248467 0.303744333078608
-0.38347282492024437 0.005468269758434843 0.08615748578012039 -0.033095195593775883
-0.029828329241318743 -0.3735850684093404 -0.3765658645719659 0.04802116999820519
1.3425660179223677 1.1554966845626196 1.5357945442952599 1.739277830259924
0.1477886971027109 0.228263825085733 0.18515556359700833 -0.07098902454494327
0.26579773667393847 0.13023370878780974 0.11044529257593014 0.07648177874218155
0.190415587054154 -0.023830430081609046 -0.023529734241677657 -0.18221799226564625
-0.029357191030553783 0.13713711813416601 0.3054083180739362 -0.19564736782516307
0.25518826071507994 -0.08732433181934125 -0.0837479940944483 -0.026033312911510263
0.40447014154273914 0.09262297674129376 0.43720249571779407 0.8811296193326581
-0.14890317656655494 0.1541237882260222 0.07351372398311451 -0.011319917188609502
0.3832977882058831 0.5950075864128067 0.46163968965553187 0.4417006781513001
-0.17645521298649755 0.06209661302418548 -0.07652907797848847 0.1573642534286609
0.0001543608219023114 -0.1379413234599993 0.14098554664216817 0.18183534577759478
0.08414771131476959 0.20582898231090732 -0.4831296421118381 0.1227566452448029
0.8227535929524006 0.8945337187675384 0.8777131065705752 0.8964819356362003
-0.14879934253704885 0.09148930526207089 0.1424093224356407 0.08668635559123235
0.04331474580279769 -0.09309828294391943 -0.1282910222715133 -0.026612818730444868
0.10897585591123563 -0.3088042252320152 0.06768547171805152 0.4875960159507642
-0.19435328985509828 -0.0575528802804436 -0.09687482567974581 -0.0017183648739188741
0.6541885122504406 0.812039190995099 0.7320278067497183 0.5069176575596162
-0.13331329173780426 0.18805754262641275 -0.11035718905323705 0.12300484295134746
0.7953618936830632 0.8869015036078378 0.762544943531591 0.8103168796784241
0.1284318121647347 -0.12317929709848628 -0.01050561641583378 0.03451687774066185
-0.15878937261478993 -0.3379600566400418 -0.1626822381029928 -0.2965799987338799
0.6918826463504224 0.8963129992449398 0.5738223107507239 0.7993429252792155
0.09563946736066915 0.1696173701424716 0.3306584484712179 0.20317639142413607
-0.022272410355797752 -0.1862597175744453 -0.08456139454214427 -0.06307732664713209
0.011356440485012335 0.14434153004818642 0.029700078331852182 -0.10057721051577745
0.06774879102186526 0.28437867397712546 -0.0875173686164651 0.062244731691792086
-0.0605830507750302 -0.22125260307682906 0.10571913744402393 -0.21223588305116856
0.32404900441537016 0.35627326447085506 0.3055159109292068 0.26743256520146597
0.21933654831795088 -0.05898142173184392 0.02193530613148637 -0.10971830003465846
-0.12746342298993518 -0.5036833344792397 -0.042260057702567314 0.072247073725209
0.11423773967099239 0.009682055378369006 0.24005743722537715 -0.28180536565752295
0.8675218037743525 1.10148518526457 0.6353646459833772 0.6086126671729173
0.1967639362538846 0.20616861157723682 -0.22637689866616237 -0.09884040624823473
0.22943493422611505 0.3398580141756538 0.4462410853153924 0.11960201904843389
0.12557431177537 0.0577131276214232 0.07141466350354309 0.04240701795304085
0.03114145462079395 0.05493858083787427 0.004142722480210805 0.2919741488521609
-0.19300310721005867 -0.1868275870694341 -0.09039682510492257 -0.21309953278298124
0.7550084506040413 0.4239797176968073 0.6753414480392319 0.62582504261024
-0.25152094509391243 0.22017547173220842 -0.04270758878234891 0.10313545884951601
1.061915403130514 0.5631338899013308 0.5539479298392277 0.6740420701514153
0.4029974921043817 0.3685528898547316 0.47780115715927174 0.3952358317910491
