0.07595235856722765 0.16040011329586265 0.29720734200660454 0.4843865386547533
0.38545657230157854 0.3811432523318898 0.22960366056222833 0.09039426346029392
0.20933736492514515 0.31616589087046454 0.07179490292631166 -0.03569002623426668
0.17156297723087513 0.5612451912007467 0.37733451259532336 0.23970009967688669
0.7355682222634924 0.6906640104371229 0.8271385899547835 0.8559515467117305
-0.15343752452577375 -0.26296858104174914 -0.0542941165377026 0.027963600022868382
0.2268127395260449 0.09132037611819321 0.1493428996199912 0.35940412243325776
0.036526943760754396 0.1233656394705719 -0.04722540240335775 0.280895742218328
0.13160602268621838 -0.05725427791224764 -0.05125708660035156 0.1663504053819862
-0.013410319528248626 -0.03944733765211604 -0.005232268153109501 -0.05911744555350465
-0.22788040206607443 0.17623456041628002 0.33470617250905244 0.3300991758033719
0.22354491818793823 0.09345694841240917 -0.10767475103278708 -0.1624797654836506
0.07591641272266264 0.09181502165871884 -0.0049031465411677735 0.08885544586940533
0.013253450270243352 0.09205249683408988 -0.2212790538224233 0.027764443099135047
-0.0978224889186182 -0.09832088070862297 -0.029622071165266342 0.002668124913364964
0.3550923664432292 0.0568946782402133 0.07809582501360905 -0.0325981983702637
-0.048344020280827835 -0.18936891480529608 -0.02967121393670881 -0.061694859492689796
0.7278374945533537 0.8024849524953609 0.7370135993374813 0.7836025932408596
0.16019948305738535 0.18221092463573105 0.08495914555697169 -0.022987586521411637
0.008773233214294336 -0.08221417914363446 0.27104260845936506 -0.04063826600604957
0.17593135625436337 -0.16420216777619773 -0.27052224250881357 0.05365364571898938
0.8701231773384135 0.7594380880525496 0.8280159578210823 0.967982566105834
0.3379336254768214 -0.0216086496881134 0.1836969661147407 -0.25371470180648975
0.7542159736894922 1.0266014123848761 1.1360324122376366 1.0652624585998811
1.8028055385689292 1.4827379106162204 1.7171014112712157 1.7763644390638211
0.0033111130410736125 0.009996052339560423 0.03828162745451596 -0.06875322292306964
0.23346825306002805 0.1736180210906371 -0.05678800236363084 0.1911136193801898
0.1512976054107855 -0.030486910153176467 -0.12056252821227703 -0.07055496738877365
0.14657136479361 -0.11860687795395969 -0.2640918729609196 0.0901198963406887
-0.24930708311794703 -0.02021798351689063 0.16229631545437703 -0.2509777584362158
0.16799307198610267 -0.07249575548496501 -0.0375408196849648 -0.09959636072160567
0.10334839217632914 -0.05963413618783811 0.12369023731858404 0.15600438953604345
0.07604680873567149 0.0937818826466398 0.03768831803717126 -0.013464982238095355
-0.16601261428043895 -0.33832760251575855 0.1866392163034218 -0.03015758186382899
0.34034151378901145 0.2781146379533763 0.5590726010714697 0.15834665881263024
0.8579912325359613 0.7248196200325319 0.5508763812946502 0.47885429799430995
0.12042688650538325 0.3562008200336519 0.6624454673047931 0.4264241051115423
0.26983259849713814 -0.11970072727873055 -0.07493851251699067 0.010912265684686989
0.04760948597540351 0.10402215003486384 0.034993062134145755 -0.0028737293208221273
0.024718403067369353 0.00837026313582015 -0.44810710604373205 -0.04575994972752167
-0.05220349063567507 0.11987293608776278 0.3637379289503081 0.5048281715191444
1.227633215115862 1.184019327970143 1.3763765730365263 1.1455617534050397
-0.06469835438151905 -0.024578057724688646 0.12623585971026352 -0.04740887857595725
0.1408399475224391 -0.15417345213104827 -0.03202494982856501 0.142746550381198
0.18380920861415273 -0.07072372372886152 0.09683872509574916 -0.10847024607144971
0.7692869074986715 0.8006155172765729 0.5812801857602016 0.5978252347376587
0.29765905126685793 0.38953763733894614 0.1271002388445393 0.3911553547953898
0.10864976020037018 -0.09695578167517167 -0.06123836900627852 0.043720396877684024
-0.04718998313242028 -0.12792722004256107 0.10005634968075688 0.13655805496048937
0.36246701334735837 0.5592452462640387 0.3713868931573855 0.48525336350259246
0.16942550537669163 0.30243647883767194 0.13714207944770349 0.2135761429918359
0.11995543059355869 0.37443008334128697 0.06122122572742648 -0.22759330164222302
-0.2156548888561231 -0.017343800984994856 0.03102576931852429 -0.09727989554860612
0.2507411567027881 -0.06932562112110095 -0.13045651073813322 -0.017267951945910603
-0.017981473446571923 -0.028535187887380183 -0.3235440243986411 0.22989481016156949
0.7830861031018108 0.9183389472988677 1.048963255271849 0.880288290058219
0.5782926619402857 0.5975355570578782 0.09239434695466675 0.618549378373755
1.3928141399093927 1.4571900553596508 1.1304494603173056 1.341930319204713
0.20308619725853752 0.21301820770195615 0.17781286975132152 -0.005016084100924203
0.8364764204161239 0.899019684463984 0.9365711616424691 0.753793081934827
0.021171773892588307 -0.13489335917257375 -0.22960883574695068 0.07297514817778515
0.32366699957045414 0.13660132641611633 0.013416823615253714 -0.18556565584142132
0.19993185253371054 -0.024770807547485806 -0.16607370089806436 0.09049984817940246
-0.003921070034393258 0.06206377603344341 -0.07172714125385637 0.04572545886874151
