0.2362871084173802 0.3076780133567827 0.403034794233525 0.5744555118808705
0.27952355574311805 0.25543894909810555 0.1519221666384978 0.07251457596492152
0.2203305882481148 0.3833223577659255 0.10267636716976335 0.05884179307393882
0.2995312495932374 0.7590701122506924 0.5045083218010977 0.462062786357066
1.2062603145361763 1.0994481399661458 1.2418592810793867 1.202128190551582
-0.013054059710016738 -0.08523456956388946 0.06456669033042908 0.1230610256800864
0.18270422575642972 0.17229555855954068 0.18195886701181713 0.41870582963462355
0.0396032264780011 0.11332793036029727 -0.062116352259480014 0.2793514524076898
0.16932754107151518 0.0018205612959019944 -0.01729156115587651 0.21372153500294552
0.15772299775750576 0.01787357617773953 0.08339727967415156 -0.03525107671265303
0.0340875821930696 0.2683406739550725 0.4273821705940543 0.36884931856160397
0.22354491818840092 0.09345694841229045 -0.10767475103282706 -0.16247976549661594
0.07767540063612041 0.22361097637079994 0.05426398297165264 0.19502354882508077
0.04676363768836779 0.16664752082130774 -0.18649703982934165 0.08890960519913498
-0.0978224889186317 -0.0983208807086318 -0.029622071165264573 0.002668124913364972
0.4757641484038373 0.15903607718129903 0.20590166392631465 0.06943345171054112
-0.02999932402789067 -0.11397035038897045 -0.008574954698096852 -0.023266719696359357
0.9293955619674469 1.0000646749917639 0.952459323395643 1.0083325182616305
0.1601994830573776 0.182210924635746 0.08495914555698257 -0.022987586521412605
0.008771216890298746 -0.0822141791436332 0.2710424261143634 -0.04063843077520062
0.17593152264020478 -0.16420092214955412 -0.27052144756202545 0.05365387230464701
1.1350987706621176 1.0946527910316606 1.1458322081842456 1.2521758520541
0.33793362547677425 -0.021608649688112776 0.18369696611475755 -0.25371470180647876
1.0730967292961018 1.414891827082744 1.4210668630425338 1.4013043704559414
2.5541484326317936 2.159104774333188 2.4089591420144436 2.3852863180436303
0.04444771663764975 0.0168821196254976 0.06487748115651025 -0.06151666677662327
0.3357372826389961 0.2919495805565808 0.03307177609570193 0.3155322820893744
0.15255678681305726 -0.02724553813725844 -0.11802727443955105 -0.0660532950362855
0.29824980135131335 0.06443608669299658 -0.09694829162599428 0.20001316385771553
-0.2493070831179448 -0.020217983516890355 0.1622963154544036 -0.2509777584361622
0.17071319046368214 -0.06761857457129308 -0.033659713054145314 -0.09315347786762056
0.02928768488188321 -0.09555411956553586 0.09254094637774153 0.14640052403774007
0.0699527954351306 0.08010649791854152 0.03880048656242292 -0.0317571303531125
-0.16549445832686452 -0.3426827046145001 0.1865541162819269 -0.03756188947091609
0.5132865195136894 0.3889171614535014 0.6747603206891293 0.27885886788255176
1.0642095553822104 0.9987078799754044 0.8222655091875886 0.769902289207708
0.2277029949044215 0.5184244677862649 0.718626361254343 0.5731026079590608
0.26983259849713903 -0.11970072727872554 -0.07493851251698574 0.010912265684686942
0.2570208922889399 0.1976066570353041 0.14429515542246854 0.039784478576584244
0.025366284668765005 0.009532710399525655 -0.4468291678965902 -0.04349913207117442
0.23671732929668052 0.19960155687311956 0.4572366116715513 0.5194428222489815
1.5826410424530617 1.4977640264822711 1.7174898978305115 1.4908110326119794
-0.06469835438152388 -0.024578057724686186 0.12623585971027043 -0.04740887857595328
0.1408399475224643 -0.15417345213106654 -0.03202494982856184 0.14274655038120018
0.37511775621329285 -0.0020861563007619115 0.24908843902435612 -0.09320098227021899
0.6641898855186429 0.7833650156082207 0.5929132972240808 0.6949405567691334
0.5796043101718891 0.6566893875870894 0.3737730018812293 0.5747449535526798
0.10864976020037152 -0.09695578167516068 -0.06123836900627482 0.04372039687768667
-0.019368478091856465 -0.10229756258563762 0.11643498472545957 0.1474160475500285
0.6939563325980859 0.7608823586780998 0.6057255784635365 0.6547343408092293
0.07515504571008329 0.07069851809953052 0.012010461369105677 0.08464620021113878
0.11942297423500149 0.37262395109524277 0.06039346119395332 -0.2288733352278166
-0.19626571853786234 0.0005266356484918378 0.06724091894158929 -0.08247937356525327
0.34237898255910293 -0.009679354407776003 -0.026290038309293502 0.029101185151794235
0.0003954179599130066 -0.030170956461847646 -0.3126764633764174 0.20941294316899092
0.9589192015085506 1.0035099138708876 1.1861531151749944 1.011638426128838
0.7610123124490196 0.6420692364759624 0.25563681220637935 0.6809273344881737
1.8286113796896792 1.8352102424337298 1.5645416791222242 1.734936025225393
0.3753942303532274 0.2753056042265639 0.28809154941256687 0.0745661087040784
1.150276748293311 1.2198574607664607 1.2466789069296027 1.0761878052529321
0.029180111970049105 -0.2008418350627532 -0.24573715756327927 0.026231663660403307
0.3297064461732595 0.14838627506743135 0.02289397765154444 -0.1712720181235215
0.19993185253372373 -0.024770807547486482 -0.1660737008980735 0.09049984817940013
-0.003909601971110297 0.062062649370853616 -0.0716814279410935 0.045796223515336694
