0.2339442950222771 0.30742728044049655 0.40199732582096553 0.5744781277074955
0.2785081005333779 0.2556096453038918 0.15145210699460737 0.07293010580408965
0.2191012121508488 0.38320275293774436 0.10225437151437868 0.05886003290916565
0.2965198440945018 0.7586541207685105 0.5034559857577756 0.4619177014416668
1.1973953157501716 1.0983893721984042 1.2382984538042163 1.2020259974480703
-0.013727290364545145 -0.08548487451804417 0.06449507374447934 0.12273457749760626
0.18150374193613691 0.17213494953977304 0.18165536188879663 0.4186741067192398
0.03937680931205065 0.11339542476967553 -0.06221344263174694 0.2794709330680975
0.1693275410715038 0.001820561295901825 -0.017291561155879567 0.21372153500297233
0.15675623329330868 0.017863418543037274 0.08280897217330839 -0.035153569546700944
0.03229782141534982 0.2681203311867048 0.42646514788829076 0.36875969181092083
0.2235449181883923 0.09345694841229177 -0.10767475103281429 -0.16247976549658968
0.07695498066717409 0.22337687165187706 0.054188330565433464 0.19477880562872824
0.04637599898798468 0.1663755343264743 -0.186640562674471 0.08853030922303062
-0.0978224889186182 -0.09832088070862297 -0.029622071165266342 0.002668124913364964
0.47345739027280376 0.15881850520053112 0.2048623581594755 0.0694842788059245
-0.029771470201387127 -0.11403481181786188 -0.008628091495265073 -0.023359617548502215
0.9227656679304229 0.9993440300155452 0.9499664536413942 1.0083804828686604
0.16019948305738535 0.18221092463573105 0.08495914555697169 -0.022987586521411637
0.008771216890299414 -0.08221417914363446 0.2710424261143926 -0.04063843077519929
0.17593152264018516 -0.1642009221495681 -0.2705214475620385 0.0536538723046424
1.1273250986627819 1.0938659919514533 1.1423915757752556 1.252212776187227
0.3379336254768214 -0.0216086496881134 0.1836969661147407 -0.25371470180648975
1.0645900050626032 1.4140475421357588 1.4173313057666361 1.4013021521686875
2.5366731748350015 2.157287096070391 2.4016269519240327 2.3854695187004977
0.04424223593731806 0.016924366693976504 0.0645757733972066 -0.06147354081240964
0.3357372826389978 0.2919495805565883 0.0330717760957076 0.31553228208938655
0.1525567868130433 -0.027245538137260817 -0.11802727443955402 -0.06605329503629041
0.2969338385321285 0.06413230377209661 -0.09753911550885712 0.19973725743603615
-0.24930708311794703 -0.02021798351689063 0.16229631545437703 -0.2509777584362158
0.17071218626249074 -0.0676217901312241 -0.03366420268790077 -0.09315786095618662
0.029028516450566328 -0.09566437498349586 0.09249284413685631 0.1463611400264832
0.06995279543513942 0.08010649791854305 0.03880048656242429 -0.031757130353107066
-0.16549445832687842 -0.3426827046144884 0.18655411628191995 -0.03756188947091549
0.5095378611249267 0.38861158296513404 0.6731180643461252 0.27905424885697455
1.0576687994303768 0.9979784695774847 0.8195308606971081 0.7698104501500996
0.22467900438518806 0.518038050117956 0.7175007397265546 0.5730315857783224
0.26983259849713814 -0.11970072727873055 -0.07493851251699067 0.010912265684686989
0.25522563456121466 0.19744715901622956 0.14337957094791215 0.03975987994653253
0.02536628466876486 0.009532710399524386 -0.44682916789659477 -0.043499132071172335
0.2341088674963484 0.19942800010407233 0.4559241132645029 0.5194650881687825
1.5716405708703747 1.4967109648886383 1.7127832848013242 1.4910780502678949
-0.06469835438151905 -0.024578057724688646 0.12623585971026352 -0.04740887857595725
0.1408399475224391 -0.15417345213104827 -0.03202494982856501 0.142746550381198
0.37303090080142326 -0.0022854559897646106 0.2478948886515881 -0.09316833862634387
0.6604376444455848 0.7831078868656325 0.5913513855087611 0.6952293190482826
0.5756811742450385 0.6561991756312696 0.3719537277717724 0.5745396191453657
0.10864976020037018 -0.09695578167517167 -0.06123836900627852 0.043720396877684024
-0.019368478091858262 -0.1022975625856389 0.11643498472545939 0.14741604755004453
0.6890236176161728 0.760456063807976 0.6032988125355008 0.6548299112424074
0.07529372031192173 0.07115526615289282 0.01182745983217844 0.08529017468453856
0.11942297423501297 0.3726239510952464 0.06039346119395336 -0.2288733352277942
-0.1962657185378828 0.0005266356484917292 0.06724091894157869 -0.08247937356525147
0.3409703040265898 -0.009905168486345881 -0.026812531848011804 0.029128263939306127
0.0003954179599130022 -0.030170956461844967 -0.31267646337643196 0.2094129431689932
0.9520144472767504 1.0029874427581111 1.1831578544897137 1.0119828655376126
0.7568379592244092 0.6417262208368995 0.25380868548563834 0.6810879762465415
1.8166309510788896 1.834010778764484 1.559444676357709 1.7351391304534323
0.3730517511420862 0.27509691313430457 0.28694585418397 0.0746631966467033
1.1421285730201751 1.2190026705912849 1.2432086833612954 1.0762185954976182
0.02917732536051366 -0.20084101264363188 -0.24574427151177264 0.026234614705923948
0.329706063998244 0.14837669108084955 0.022880959992695477 -0.17128340856788604
0.19993185253371054 -0.024770807547485806 -0.16607370089806436 0.09049984817940246
-0.003909601971109749 0.06206264937085379 -0.0716814279410962 0.045796223515342335
