0.23018655021045153 0.30781913072103445 0.3988866143301703 0.5739571128774603
0.27656434653561146 0.2559393315544621 0.14948652106578436 0.0729298800372666
0.217089070818082 0.3834222335898276 0.10064376579653592 0.05856477041996496
0.2919233422341463 0.759062672005446 0.4998769080470165 0.46114180311358366
1.184566248147636 1.0995228590607942 1.2279785199399569 1.200234300313196
-0.014285381533793832 -0.08555399786148207 0.06432243491187219 0.12246744466435766
0.17956460028530577 0.17229161961180703 0.18014133181667233 0.41836537533605905
0.03877749985620369 0.11350540716319943 -0.0628451193743301 0.27944313020257205
0.16932754107151518 0.0018205612959019944 -0.01729156115587651 0.21372153500294552
0.1557758482702955 0.017978938277593115 0.08183595320224488 -0.0351693862127804
0.029980954104338244 0.2683262244262461 0.4246582588432416 0.3684288870243098
0.22354491818840092 0.09345694841229045 -0.10767475103282706 -0.16247976549661594
0.07599320255345761 0.22338079671328512 0.053694123100312435 0.19445366529426547
0.04597834939284801 0.16628520317257284 -0.18667462837602183 0.08821688240776154
-0.0978224889186317 -0.0983208807086318 -0.029622071165264573 0.002668124913364972
0.470519514031064 0.15905064445494493 0.20243004827984568 0.06918302036590789
-0.02974278762529775 -0.11403616551028567 -0.008631093701216088 -0.023443859379690492
0.9125939385469636 1.0002978599818004 0.9416750626469949 1.00698261437949
0.1601994830573776 0.182210924635746 0.08495914555698257 -0.022987586521412605
0.008771216890298746 -0.0822141791436332 0.2710424261143634 -0.04063843077520062
0.17593152264020478 -0.16420092214955412 -0.27052144756202545 0.05365387230464701
1.1150997567945595 1.0950880545279615 1.132295709298378 1.2505214471130401
0.33793362547677425 -0.021608649688112776 0.18369696611475755 -0.25371470180647876
1.051042007494494 1.4154741046445687 1.4061198116523825 1.3993644491908568
2.5100602955171625 2.1598954291577233 2.3797736398743297 2.3819316433312108
0.044000068112910705 0.017002045249697093 0.06427649250062267 -0.06146911398726124
0.3357372826389961 0.2919495805565808 0.03307177609570193 0.3155322820893744
0.15255678681305726 -0.02724553813725844 -0.11802727443955105 -0.0660532950362855
0.29534656499457007 0.06420522596567116 -0.09863878709524786 0.19934797431582682
-0.2493070831179448 -0.020217983516890355 0.1622963154544036 -0.2509777584361622
0.17071257872235676 -0.06762304225871504 -0.033663731865798595 -0.09316015929623297
0.028435314274546136 -0.09566535616182183 0.09212582604070374 0.1462394265970977
0.0699527954351306 0.08010649791854152 0.03880048656242292 -0.0317571303531125
-0.16549445832686452 -0.3426827046145001 0.1865541162819269 -0.03756188947091609
0.5038553634769162 0.3892217197406748 0.6683484329150109 0.27839676980935674
1.0477747985497616 0.9988973900957567 0.8114640251462565 0.7683968606869266
0.2198225226296177 0.5184910169205512 0.7136032120519952 0.5722883003066109
0.26983259849713903 -0.11970072727872554 -0.07493851251698574 0.010912265684686942
0.2527959154433343 0.19769198283775413 0.14138456871172767 0.03944603870427011
0.025366284668765005 0.009532710399525655 -0.4468291678965902 -0.04349913207117442
0.23062251312107465 0.1998289282822328 0.45298102638721227 0.519077162439423
1.5543822230876698 1.498458535224435 1.6983846083603422 1.4888648888424458
-0.06469835438152388 -0.024578057724686186 0.12623585971027043 -0.04740887857595328
0.1408399475224643 -0.15417345213106654 -0.03202494982856184 0.14274655038120018
0.37040012801263217 -0.002063657118228595 0.2455336003977183 -0.09341699445855416
0.6539103682563747 0.7838442468146932 0.5856489229349575 0.6944380935914239
0.5699510579411541 0.6567432277373567 0.3672691057882564 0.573634337683124
0.10864976020037152 -0.09695578167516068 -0.06123836900627482 0.04372039687768667
-0.019368478091856465 -0.10229756258563762 0.11643498472545957 0.1474160475500285
0.6816584975632203 0.7612201200484183 0.5970144068386116 0.6539050628462024
0.07474760533468813 0.0714778104477631 0.01077599651057278 0.08562972369042329
0.11942297423500149 0.37262395109524277 0.06039346119395332 -0.2288733352278166
-0.19626571853786234 0.0005266356484918378 0.06724091894158929 -0.08247937356525327
0.33909974498817314 -0.009772867467655924 -0.02826730394527443 0.02892449592660067
0.0003954179599130066 -0.030170956461847646 -0.3126764633764174 0.20941294316899092
0.9408563427341511 1.0042152087156402 1.173566703413439 1.010645058161292
0.750286027593063 0.6424225885537718 0.24818610687549694 0.680305363414639
1.7979413875504793 1.83588152716583 1.5438755514080726 1.7326847696610876
0.36979703788523943 0.27541015115122397 0.2842499499020625 0.07430972345653168
1.1296243953905827 1.2202273039030134 1.232919547139418 1.0745030507260316
0.029171542811740822 -0.20084075005987015 -0.24575429778681027 0.026233913956326814
0.32970785200704433 0.1483731218553379 0.02288037805107913 -0.1712902787241251
0.19993185253372373 -0.024770807547486482 -0.1660737008980735 0.09049984817940013
-0.003909601971110297 0.062062649370853616 -0.0716814279410935 0.045796223515336694
