0.23385712834496425 0.30766141058572904 0.4019871941252736 0.5745333234769887
0.2790956936410505 0.2560036560330415 0.15150383850156462 0.07363638953464383
0.21917596188006153 0.3833645904894645 0.1024993917567274 0.05887152147337176
0.296231331180007 0.7588675466724232 0.5037746890425012 0.4617212838068522
1.1956523899980518 1.0988333705741071 1.2380536015831924 1.2020140798412011
-0.014397390645946511 -0.08568207241714562 0.06461433399821835 0.1222419173728679
0.18155696236844146 0.17224114293561235 0.18200025283274937 0.4186608176587055
0.03975262813329481 0.11356820333449037 -0.06209569186590553 0.2796981657163898
0.1693275410715038 0.001820561295901825 -0.017291561155879567 0.21372153500297233
0.15609141128157109 0.017901687796537006 0.08225534474136141 -0.03498666829192255
0.03144046189231052 0.26810659066241993 0.42599900560803805 0.3686182040682124
0.2235449181883923 0.09345694841229177 -0.10767475103281429 -0.16247976549658968
0.07672713869743736 0.22329466796761444 0.05447188486639837 0.19440083895092344
0.04597808638599004 0.1661944952533789 -0.186654809506988 0.08792559655351911
-0.0978224889186182 -0.09832088070862297 -0.029622071165266342 0.002668124913364964
0.47261173665061307 0.1588626992848613 0.2043872152745424 0.06960330202167353
-0.029498476110347723 -0.11405566973017321 -0.008630972529533683 -0.023520633615748167
0.9222964065027989 0.9998936737725658 0.9503145307146764 1.008590940324012
0.16019948305738535 0.18221092463573105 0.08495914555697169 -0.022987586521411637
0.008771216890299414 -0.08221417914363446 0.2710424261143926 -0.04063843077519929
0.17593152264018516 -0.1642009221495681 -0.2705214475620385 0.0536538723046424
1.1270021430627415 1.0945917905319857 1.1421801973489245 1.2524226018994165
0.3379336254768214 -0.0216086496881134 0.1836969661147407 -0.25371470180648975
1.0644335097859403 1.414924682036962 1.4173468087734702 1.4014285485886588
2.535009320263422 2.158663596915579 2.4013647735199886 2.386010240674542
0.04417674979644286 0.016951019912197083 0.06424712400150981 -0.06141606797317528
0.3357372826389978 0.2919495805565883 0.0330717760957076 0.31553228208938655
0.1525567868130433 -0.027245538137260817 -0.11802727443955402 -0.06605329503629041
0.2963008895695414 0.0640163458304225 -0.09773954117454356 0.1993106038248902
-0.24930708311794703 -0.02021798351689063 0.16229631545437703 -0.2509777584362158
0.17070898603938361 -0.06762617112243165 -0.0336681175142715 -0.09316202312496895
0.029122029078298098 -0.09570197798143248 0.0926226583730582 0.14634899172382876
0.06995279543513942 0.08010649791854305 0.03880048656242429 -0.031757130353107066
-0.16549445832687842 -0.3426827046144884 0.18655411628191995 -0.03756188947091549
0.5091702189553934 0.38896006144040474 0.6729209392640008 0.2794144538576409
1.057041987857435 0.9984490091582449 0.8194170993995403 0.7698170863083857
0.22459031446320402 0.5183000398750388 0.7178483916105071 0.5729612706415774
0.26983259849713814 -0.11970072727873055 -0.07493851251699067 0.010912265684686989
0.25471348185443365 0.19753525704359562 0.1429816798279298 0.039710532953916904
0.02536628466876486 0.009532710399524386 -0.44682916789659477 -0.043499132071172335
0.23327300499072595 0.19954504839727305 0.45536727633604285 0.5195340366992341
1.571184271661093 1.4977220902552681 1.7127028157147597 1.4917644721199494
-0.06469835438151905 -0.024578057724688646 0.12623585971026352 -0.04740887857595725
0.1408399475224391 -0.15417345213104827 -0.03202494982856501 0.142746550381198
0.3721295615284669 -0.0022612728717021965 0.24707680857746422 -0.09305367540106092
0.6612382787610229 0.7836965964217839 0.5916758689416273 0.6958701505394477
0.575025506756505 0.6564037565809953 0.3716464659982496 0.5742687470553307
0.10864976020037018 -0.09695578167517167 -0.06123836900627852 0.043720396877684024
-0.019368478091858262 -0.1022975625856389 0.11643498472545939 0.14741604755004453
0.688379517357195 0.76088734124572 0.6026330269943421 0.6550860442313762
0.07642868013268124 0.07167927615416875 0.011785680627893091 0.08630782954850323
0.11942297423501297 0.3726239510952464 0.06039346119395336 -0.2288733352277942
-0.1962657185378828 0.0005266356484917292 0.06724091894157869 -0.08247937356525147
0.34047196336697333 -0.009949650080123097 -0.026833635299916593 0.029167189032636757
0.0003954179599130022 -0.030170956461844967 -0.31267646337643196 0.2094129431689932
0.9522383100173526 1.003835575974576 1.1832310391099718 1.0127340391303619
0.7567661784806414 0.6421598149661566 0.25377203399735165 0.6814444078851649
1.8160823826737638 1.8350722040926537 1.5594241766204757 1.7357194547717711
0.37247377293825745 0.2752043417504393 0.28647438185457175 0.07482230151308274
1.141457227270957 1.2196535371554826 1.243056769135234 1.0764295046965082
0.029168155480782398 -0.20083985413984662 -0.2457531909464438 0.026238677966315932
0.3296982424310757 0.14836331917425205 0.022868663724512333 -0.1712955487741424
0.19993185253371054 -0.024770807547485806 -0.16607370089806436 0.09049984817940246
-0.003909601971109749 0.06206264937085379 -0.0716814279410962 0.045796223515342335
