0.23500238067217183 0.3075302332857824 0.4025806248954442 0.5735304712018171
0.2959774486353454 0.2686136733594409 0.15542796309484616 0.08246795647309595
0.22170296776722634 0.38327212294362956 0.10746692330350553 0.058514541141467036
0.2939932454914473 0.7544258465153446 0.5133723544796687 0.45806533634862534
1.168296312559174 1.0907896777744863 1.229299644017251 1.1934178211194173
-0.029913101994475846 -0.09490947243925808 0.06561330790776586 0.11502850049556303
0.18477436353339166 0.17136986132658044 0.19143326045552994 0.41872168421501577
0.047050213259129406 0.1172525489314422 -0.05837150764096305 0.28319264294604657
0.16932754107151518 0.0018205612959019944 -0.01729156115587651 0.21372153500294552
0.14212534824426085 0.01850527209463087 0.06712291251706057 -0.03560797670608232
0.01715905869428317 0.26472150225694036 0.41592403872918693 0.3637436176652743
0.22354491818840092 0.09345694841229045 -0.10767475103282706 -0.16247976549661594
0.07112585957570836 0.21633721098807374 0.06038094881828857 0.19032559999953327
0.03372412640514473 0.1554823131215014 -0.19157350676882898 0.07969958054653628
-0.0978224889186317 -0.0983208807086318 -0.029622071165264573 0.002668124913364972
0.4564688963775098 0.15773119491292464 0.18948765241368806 0.06751715033051424
-0.02544751515430196 -0.11643781335107532 -0.009228948385680088 -0.025755501985640195
0.9203402722074936 0.9991287517974192 0.9595604976318511 1.0070678618538234
0.1601994830573776 0.182210924635746 0.08495914555698257 -0.022987586521412605
0.008771216890298746 -0.0822141791436332 0.2710424261143634 -0.04063843077520062
0.17593152264020478 -0.16420092214955412 -0.27052144756202545 0.05365387230464701
1.1264321596834215 1.0945671562472346 1.1383887453039447 1.2498603729263842
0.33793362547677425 -0.021608649688112776 0.18369696611475755 -0.25371470180647876
1.0685048204130845 1.414744347182035 1.4229292344689193 1.397310918144795
2.517794700710595 2.156468496851062 2.390895609114711 2.3773389538649545
0.04239290533257342 0.018241261898226998 0.05680949590301377 -0.061683857352985066
0.3357372826389961 0.2919495805565808 0.03307177609570193 0.3155322820893744
0.15255678681305726 -0.02724553813725844 -0.11802727443955105 -0.0660532950362855
0.27849373690277396 0.05410803008500833 -0.11007500147002104 0.19134578508673838
-0.2493070831179448 -0.020217983516890355 0.1622963154544036 -0.2509777584361622
0.17061767991401344 -0.06767390856596694 -0.033776816511292405 -0.0932116986527035
0.03404070718712982 -0.09669345871935561 0.09603210674155341 0.14674995600802523
0.0699527954351306 0.08010649791854152 0.03880048656242292 -0.0317571303531125
-0.16549445832686452 -0.3426827046145001 0.1865541162819269 -0.03756188947091609
0.5082939926983119 0.39181176697382325 0.6708007982220361 0.28111854368920375
1.048703005252043 0.9952020814337565 0.8150937410112505 0.7643246875324843
0.22854132026623622 0.5162413329963067 0.7320727397904596 0.5706025582140664
0.26983259849713903 -0.11970072727872554 -0.07493851251698574 0.010912265684686942
0.24315015670651027 0.19575211724865066 0.12908092997691625 0.03553624873504673
0.025366284668765005 0.009532710399525655 -0.4468291678965902 -0.04349913207117442
0.21759862817223286 0.19970410595675683 0.44291516903268346 0.5158591497804624
1.57718243427326 1.503443319465225 1.7135266118105594 1.4921149750401843
-0.06469835438152388 -0.024578057724686186 0.12623585971027043 -0.04740887857595328
0.1408399475224643 -0.15417345213106654 -0.03202494982856184 0.14274655038120018
0.3550898802211213 -0.0027811427765022895 0.22291044823216652 -0.09680314011701403
0.6846224983559882 0.7933241448125139 0.6039332047015189 0.7037922232085664
0.55893798637243 0.6502194767859537 0.36016147485283834 0.5660940090824413
0.10864976020037152 -0.09695578167516068 -0.06123836900627482 0.04372039687768667
-0.019368478091856465 -0.10229756258563762 0.11643498472545957 0.1474160475500285
0.6783789165413946 0.7622291420422678 0.5848867656137889 0.6525684002646797
0.1034962677556174 0.09074593553491644 0.015564314577084359 0.10008636889809971
0.11942297423500149 0.37262395109524277 0.06039346119395332 -0.2288733352278166
-0.19626571853786234 0.0005266356484918378 0.06724091894158929 -0.08247937356525327
0.33186236883667575 -0.012452816087393707 -0.033359719874508496 0.02685193857532491
0.0003954179599130066 -0.030170956461847646 -0.3126764633764174 0.20941294316899092
0.9676997463343681 1.0140855750699438 1.1918062823896887 1.017738504683753
0.7560242871407561 0.6457606416222975 0.24898297628550684 0.6816266886310034
1.8150263905312891 1.8378522231000634 1.557459413106362 1.7331985529633644
0.36252832074729396 0.2753573536939568 0.272910866756643 0.07362895417752516
1.1350651011024626 1.2187256803383733 1.2402061988117978 1.0728721755612038
0.02902500881460518 -0.20078609915401419 -0.24590538972460865 0.026277673742633113
0.3294168829332659 0.14811052735181066 0.022468146591456017 -0.17156301514139335
0.19993185253372373 -0.024770807547486482 -0.1660737008980735 0.09049984817940013
-0.003909601971110297 0.062062649370853616 -0.0716814279410935 0.045796223515336694
