0.23681977184069072 0.30757564377298974 0.4041763469474501 0.5744284007332762
0.29739537522299253 0.2690572969619939 0.15651635741425432 0.08339079288847775
0.22272390691384383 0.3832891189867851 0.10842558227223933 0.058977571435237686
0.29617480388807044 0.7543089382599985 0.5155408681913418 0.4589740684694461
1.173502729864115 1.0906325217846142 1.2339230461855608 1.1961402808245194
-0.030015444100296638 -0.09520504277562328 0.06568669909166071 0.11481472452156581
0.1859781482996199 0.17133748904396362 0.19260143403905466 0.41916513000316236
0.047662547117073316 0.1173913778922011 -0.05785112244261942 0.28350916700010015
0.1693275410715038 0.001820561295901825 -0.017291561155879567 0.21372153500297233
0.14206179277311135 0.01853953590510771 0.06692038505978061 -0.03539956950260002
0.01760685545714316 0.2646678069892485 0.41637783243267307 0.36412554149464504
0.2235449181883923 0.09345694841229177 -0.10767475103281429 -0.16247976549658968
0.07145905040789122 0.21611688386615407 0.06084046873005749 0.19031172247857758
0.03352805701918025 0.15515921992112477 -0.1917018254099172 0.07936033620452206
-0.0978224889186182 -0.09832088070862297 -0.029622071165266342 0.002668124913364964
0.4572307299560349 0.1577234211683181 0.1899792580600657 0.06811987205856103
-0.025325672701998484 -0.11651087675972115 -0.00913622263198732 -0.025841661806975582
0.9252471438593068 0.9991583296243749 0.9640129480433204 1.009469949933768
0.16019948305738535 0.18221092463573105 0.08495914555697169 -0.022987586521411637
0.008771216890299414 -0.08221417914363446 0.2710424261143926 -0.04063843077519929
0.17593152264018516 -0.1642009221495681 -0.2705214475620385 0.0536538723046424
1.1321404495782568 1.0946867797066737 1.1433186270639113 1.2527628453201891
0.3379336254768214 -0.0216086496881134 0.1836969661147407 -0.25371470180648975
1.0749355831912073 1.4148960530345949 1.4288475041599213 1.4005174158276301
2.529759000667278 2.1566276046916038 2.401089445176481 2.3835544751050564
0.04223071883281688 0.01832858602932856 0.05663090072720932 -0.06157968931027481
0.3357372939853624 0.2919495805565883 0.0330717760957076 0.31553228208938655
0.1525567868130433 -0.027245538137260817 -0.11802727443955402 -0.06605329503629041
0.27862761609371484 0.05381246488539827 -0.11004857186590858 0.1913965186392202
-0.24930708311794703 -0.02021798351689063 0.16229631545437703 -0.2509777584362158
0.17061748259603932 -0.06767606645932571 -0.03377766169107338 -0.09321366066428081
0.03454888290178264 -0.09673443601824465 0.09638075885863845 0.14689202363778175
0.06995279543513942 0.08010649791854305 0.03880048656242429 -0.031757130353107066
-0.16549445832687842 -0.3426827046144884 0.18655411628191995 -0.03756188947091549
0.5108374340077837 0.3919715334729467 0.6730189436514148 0.28256951873037583
1.0531151817861086 0.9951818231625694 0.8188519473336112 0.7665171772151843
0.23108301849257012 0.5162186016652627 0.7346816630766105 0.5716594526277377
0.26983259849713814 -0.11970072727873055 -0.07493851251699067 0.010912265684686989
0.24382335780044379 0.19573460125911943 0.12946372993869204 0.03600012311309092
0.02536628466876486 0.009532710399524386 -0.44682916789659477 -0.043499132071172335
0.21848216835650852 0.19980585290139888 0.443716557030487 0.516679697934026
1.5854738095757805 1.503824660013395 1.7206032291230544 1.496429126322809
-0.06469835438151905 -0.024578057724688646 0.12623585971026352 -0.04740887857595725
0.1408399475224391 -0.15417345213104827 -0.03202494982856501 0.142746550381198
0.355722170159774 -0.002781424567256546 0.22300146089709125 -0.09629964017239233
0.6885189013684805 0.7937179937976969 0.6072333595726801 0.7057548797247131
0.5610446136457189 0.6501049520251881 0.36193266232797777 0.5671869493965733
0.10864976020037018 -0.09695578167517167 -0.06123836900627852 0.043720396877684024
-0.019368478091858262 -0.1022975625856389 0.11643498472545939 0.14741604755004453
0.6813806347371316 0.7623611016269604 0.5872721713812926 0.654339268556615
0.10450706395043671 0.09139872548254493 0.016270470245931798 0.10096394923375138
0.11942297423501297 0.3726239510952464 0.06039346119395336 -0.2288733352277942
-0.19626573159135438 0.0005266145691614007 0.06724082459405138 -0.08247936297761124
0.3324227599339989 -0.012535468076728593 -0.03304173708595023 0.027252670713209543
0.0003954179599130022 -0.030170956461844967 -0.31267646337643196 0.2094129431689932
0.9734831222133741 1.0145495464768748 1.1968703927967599 1.0207712724772904
0.7591173557227057 0.6459397602173312 0.251462345384293 0.6833630975525077
1.8237727183370465 1.8381481754462543 1.5649827923855109 1.7377799674962215
0.3634584436737138 0.2753996648366149 0.2736978444159849 0.07441968646871203
1.140676858598726 1.2188303750381162 1.2451482098355704 1.075783720334497
0.029025447049759616 -0.20077649953419316 -0.24591096271571802 0.026276782245222056
0.329410882357669 0.14810152307398047 0.02245965459708192 -0.171571791958477
0.19993185253371054 -0.024770807547485806 -0.16607370089806436 0.09049984817940246
-0.003909601971109749 0.06206264937085379 -0.0716814279410962 0.045796223515342335
