0.21330143451288566 0.290516862819217 0.38983147333259444 0.5618626687775149
0.35326568265806896 0.3174769953005939 0.19815813228984652 0.11785862214438461
0.2370445834794057 0.37522048127739155 0.10476540153803986 0.053064126257228623
0.3045808380967807 0.7237146552928311 0.5117762910479601 0.4327860150417581
1.073095009752896 1.023845327393896 1.164200017943076 1.1350440444124
-0.08445238507688627 -0.13349073587288524 0.03742128174073986 0.08456031129832751
0.23137289375904022 0.16382583123725605 0.21193181737915923 0.4155622002260859
0.06789095550076796 0.12891799435856235 -0.04384598526983381 0.2937482736999883
0.16932754107151518 0.0018205612959019944 -0.01729156115587651 0.21372153500294552
0.06357150381029818 0.01428403229638844 0.03830406596431609 -0.04081726701507196
-0.08528762655213588 0.24560735485446422 0.379866702511495 0.34621284543589936
0.22354491818840092 0.09345694841229045 -0.10767475103282706 -0.16247976549661594
0.08492547799885891 0.1916011265753672 0.05090699039797056 0.17226743090114569
0.023210075237614182 0.1116567807976648 -0.2269845194489771 0.046799624991175424
-0.0978224889186317 -0.0983208807086318 -0.029622071165264573 0.002668124913364972
0.40399367541744174 0.14714001792541664 0.15596702696598339 0.05626273597626192
-0.01867475417896636 -0.13667619450049467 -0.016796201335588026 -0.0388235163791671
0.9369809638549792 0.9690821499328837 0.9526086309511729 0.980661126593665
0.1601994830573776 0.182210924635746 0.08495914555698257 -0.022987586521412605
0.008771216890298746 -0.0822141791436332 0.2710424261143634 -0.04063843077520062
0.17593152264020478 -0.16420092214955412 -0.27052144756202545 0.05365387230464701
1.1179283306351941 1.0458021164432327 1.1054898835668492 1.209178277804788
0.33793362547677425 -0.021608649688112776 0.18369696611475755 -0.25371470180647876
1.0552328633174908 1.36165792471201 1.4035937469885023 1.3537859399117977
2.4202575298587434 2.0546670688095054 2.2961865468408513 2.2870483103212376
0.012217925143176003 0.01866215483418701 0.04699677013256854 -0.06267333687258017
0.3357383791144714 0.2919497345479089 0.033071216306202855 0.31553247323227346
0.15255678681305726 -0.02724553813725844 -0.11802727443955105 -0.0660532950362855
0.2231081386689852 0.007582653424042339 -0.17044067506884733 0.1559123810505517
-0.2493070831179448 -0.020217983516890355 0.1622963154544036 -0.2509777584361622
0.16990659702518002 -0.06802393578270458 -0.03408949754833055 -0.09364837862893494
0.06632297845407101 -0.09805542543751894 0.10206986848708469 0.14557078244797267
0.0699527954351306 0.08010649791854152 0.03880048656242292 -0.0317571303531125
-0.16549445832686452 -0.3426827046145001 0.1865541162819269 -0.03756188947091609
0.482086487271531 0.38207555415191813 0.6601692283388639 0.271200866827879
1.04015580019856 0.9505101800544782 0.7823523056540147 0.7226452305114501
0.25048415037804334 0.48941814324197647 0.7518308106532822 0.5509034668519254
0.26983259849713903 -0.11970072727872554 -0.07493851251698574 0.010912265684686942
0.15830283130706657 0.172505816817673 0.08222044625783315 0.013873862306184398
0.025366124193815898 0.009532687822508618 -0.4468292719205812 -0.043499217563036
0.09522384681649906 0.1906657117746471 0.4050270608110618 0.5042747766153367
1.5672540870315317 1.4718736278855864 1.6961736256755586 1.458230459294863
-0.06469835438152388 -0.024578057724686186 0.12623585971027043 -0.04740887857595328
0.1408399475224643 -0.15417345213106654 -0.03202494982856184 0.14274655038120018
0.2554926485039008 -0.01823419564712073 0.17074865776439177 -0.11528439086745636
0.7992603727644997 0.8215992903726173 0.6563875098618396 0.7229096834119189
0.4848559420352707 0.5993115221133144 0.3010660585900054 0.5236748888055597
0.10864976020037152 -0.09695578167516068 -0.06123836900627482 0.04372039687768667
-0.019368478091856465 -0.10229756258563762 0.11643498472545957 0.1474160475500285
0.5916023367749113 0.7360916533002443 0.5371224884935243 0.6255975519349212
0.15253207059530408 0.16264119353729908 0.06929051293888502 0.15629788289039273
0.11942297423500149 0.37262395109524277 0.06039346119395332 -0.2288733352278166
-0.19627494987614713 0.0005279796010866873 0.06723853287343118 -0.08248185649040697
0.2986203150268274 -0.026565025104545906 -0.06792481365084464 0.01286852450676889
0.0003954179599130066 -0.030170956461847646 -0.3126764633764174 0.20941294316899092
0.9866135333295505 1.0214373190603931 1.2121242467230846 1.018012185184218
0.7318323506710257 0.6405510089527484 0.22308851014819536 0.6726930695652612
1.7928351602488866 1.7897682888394661 1.521594698526353 1.686280842695506
0.30346577454327023 0.2699669505901662 0.24051016619975965 0.06466721244529079
1.1060056739403805 1.1747951767379172 1.2062810618232171 1.033055816601794
0.028941682959991097 -0.20062796334072774 -0.2463037341637018 0.026356682256373925
0.32832599332084106 0.14729400141303084 0.021918760179716463 -0.1724817412382902
0.19993185253372373 -0.024770807547486482 -0.1660737008980735 0.09049984817940013
-0.003909601971110297 0.062062649370853616 -0.0716814279410935 0.045796223515336694
