0.21273620945061555 0.2908240069462622 0.38842336192118226 0.5618269228099994
0.3537518045259081 0.3177686337233084 0.19748763380782794 0.11817990142447449
0.23684959368329986 0.3753965370202998 0.10410599072345374 0.0530268718037955
0.3039570869571269 0.7240935920572245 0.5104698925546188 0.43254433237160755
1.0713563872348197 1.0248902246577987 1.1602068352904116 1.1347332883404102
-0.08505000901693366 -0.13351201546093913 0.03723721202160053 0.08430988655327731
0.23137893889123531 0.1640111802139917 0.21151988707122546 0.41544771049673024
0.06796764436295481 0.12904025904494978 -0.0442411063708515 0.2938245007746232
0.1693275410715038 0.001820561295901825 -0.017291561155879567 0.21372153500297233
0.06323863978120693 0.014304213542137106 0.03790445411984837 -0.040784124418243625
-0.08608561442350599 0.24568802373779922 0.3790084147902399 0.3462199093071309
0.2235449181883923 0.09345694841229177 -0.10767475103281429 -0.16247976549658968
0.08471886690976224 0.19163887843477567 0.05085498541363189 0.1720867098431065
0.02290240349914988 0.11157351653407586 -0.22680742481550326 0.04645865744090228
-0.0978224889186182 -0.09832088070862297 -0.029622071165266342 0.002668124913364964
0.40366958932672925 0.1473135460306519 0.15518669454023518 0.056260369072849786
-0.018823438997255287 -0.1367082155850979 -0.016879926395779597 -0.0390044915403749
0.9360416367014704 0.9700557665439348 0.9494460089650935 0.9804697159065958
0.16019948305738535 0.18221092463573105 0.08495914555697169 -0.022987586521411637
0.008771216890299414 -0.08221417914363446 0.2710424261143926 -0.04063843077519929
0.17593152264018516 -0.1642009221495681 -0.2705214475620385 0.0536538723046424
1.1166092185755883 1.0468611221469772 1.101574750380211 1.208868806261131
0.3379336254768214 -0.0216086496881134 0.1836969661147407 -0.25371470180648975
1.0536221559747363 1.3628185884211983 1.3991224626876162 1.3534829702078306
2.4170987139615194 2.056996241438057 2.287426472259546 2.2865491388177546
0.012080199304230379 0.01861315424846387 0.04691551168509148 -0.06264145914904488
0.33573837912797694 0.291949734551076 0.03307121632744668 0.3155324732327705
0.1525567868130433 -0.027245538137260817 -0.11802727443955402 -0.06605329503629041
0.2225145274318539 0.007615241500330857 -0.1708979430360824 0.15565128314887305
-0.24930708311794703 -0.02021798351689063 0.16229631545437703 -0.2509777584362158
0.1699053315502775 -0.06802504234737608 -0.03409164580186997 -0.0936496156938608
0.06638726110219 -0.0979604790373891 0.10203256475122859 0.14550503156736777
0.06995279543513942 0.08010649791854305 0.03880048656242429 -0.031757130353107066
-0.16549445832687842 -0.3426827046144884 0.18655411628191995 -0.03756188947091549
0.4814234795358384 0.38256031768729104 0.6582708316674407 0.2711861603188646
1.0391674251515506 0.9513330657823799 0.7793928120684187 0.7223495767734195
0.24989645055989393 0.4898356136925564 0.7503769169051798 0.5506506724728397
0.26983259849713814 -0.11970072727873055 -0.07493851251699067 0.010912265684686989
0.1575597743252106 0.17264766284443045 0.08119841371072618 0.013784458431809263
0.025366123874086335 0.00953268786178215 -0.44682927237633996 -0.04349921751262063
0.09443765753566047 0.19085175791887768 0.40357272146155854 0.5044556331617407
1.565673166952482 1.4734348734991034 1.6905050325661832 1.4580855214999926
-0.06469835438151905 -0.024578057724688646 0.12623585971026352 -0.04740887857595725
0.1408399475224391 -0.15417345213104827 -0.03202494982856501 0.142746550381198
0.2549476389503935 -0.018081651439441168 0.1697781004136546 -0.11532145507126934
0.7995362729167355 0.8223122392881089 0.654486061249781 0.723016501140317
0.48384236003556885 0.5997026201450332 0.2990339839683486 0.5234430070030421
0.10864976020037018 -0.09695578167517167 -0.06123836900627852 0.043720396877684024
-0.019368478091858262 -0.1022975625856389 0.11643498472545939 0.14741604755004453
0.5904875935361867 0.736716049788098 0.5344998335698145 0.6254708204932157
0.15314166262310475 0.16287340690130683 0.06864778890143725 0.1568429732439721
0.11942297423501297 0.3726239510952464 0.06039346119395336 -0.2288733352277942
-0.19627495550199903 0.0005279793142685024 0.06723853252918165 -0.08248185866721976
0.29829857990854475 -0.026379773384303723 -0.06869360530584284 0.012863676932532776
0.0003954179599130022 -0.030170956461844967 -0.31267646337643196 0.2094129431689932
0.9858741026379059 1.0225293362570005 1.2081931413083447 1.0181688052749607
0.7312197137525601 0.6412622245246806 0.2205081857154089 0.672777482110947
1.7910295548361348 1.7914860905498167 1.5153559711966558 1.6860394467885484
0.3029500744879552 0.27024035769678884 0.23950271930417893 0.06465967630336841
1.10467334485701 1.1758533289633306 1.2023331839160627 1.0328235553209788
0.028954213028255207 -0.20062226009432 -0.24630751212847612 0.026359894376718835
0.32832435997757853 0.14729211432190586 0.021915327997828776 -0.17248385589397355
0.19993185253371054 -0.024770807547485806 -0.16607370089806436 0.09049984817940246
-0.00390960196990111 0.06206264937202517 -0.07168142795005658 0.04579622351973893
