-21.650000000000002
-20.85
-19.8
-21.7
-20.25
-21.7
-21.7
-21.150000000000002
-22.25
-20.35
-21.150000000000002
-21.150000000000002
-9.900000000000006
-22.6
-23.35
-20.8
-21.35
-19.150000000000002
-22.900000000000002
-19.25
-20.85
-21.150000000000002
-21.35
-21.150000000000002
-22.450000000000003
-21.35
-19.2
-9.4
-20.150000000000002
-21.7
-19.7
-20.7
-8.450000000000003
-22.8
-19.150000000000002
-20.25
-20.7
-21.150000000000002
-21.150000000000002
-10.350000000000003
-8.150000000000011
-21.35
-21.150000000000002
-23.0
-1.0500000000000078
-11.450000000000003
-20.7
-20.7
-21.7
-21.150000000000002
-19.150000000000002
-11.350000000000003
-20.7
-21.25
-22.65
-12.300000000000011
-21.150000000000002
-21.25
-20.55
-21.150000000000002
-20.25
-22.25
-19.150000000000002
-10.150000000000002
-12.250000000000004
-20.150000000000002
-21.7
-19.8
-10.250000000000004
-21.150000000000002
-21.75
-19.8
-22.900000000000002
-20.8
-19.35
-21.150000000000002
-9.250000000000002
-21.8
-11.900000000000004
-21.35
-21.7
-21.900000000000002
-12.250000000000004
-21.1
-20.75
-22.35
-21.150000000000002
-22.8
-20.8
-2.5000000000000213
0.6999999999999993
-21.25
-21.3
-20.25
-21.150000000000002
-19.7
-19.75
-21.0
-21.7
-21.150000000000002
-21.25
-8.3
-9.250000000000002
-21.150000000000002
-21.150000000000002
-21.8
-21.8
-19.150000000000002
-20.25
-21.150000000000002
-21.150000000000002
-21.150000000000002
-18.7
-1.6500000000000092
-21.150000000000002
-21.7
-20.150000000000002
-3.6500000000000092
-20.25
-8.3
-10.500000000000009
-21.8
-20.7
-19.7
-9.350000000000001
-22.25
-20.8
-20.7
-20.900000000000002
-10.700000000000003
-20.150000000000002
-11.700000000000003
-21.900000000000002
-20.25
-23.450000000000003
-21.7
-21.150000000000002
-9.900000000000002
-19.8
-8.450000000000001
-20.35
-21.150000000000002
-21.55
-21.25
-8.700000000000001
-21.8
-20.150000000000002
-22.75
-21.200000000000003
-23.400000000000002
-20.8
-21.150000000000002
-21.150000000000002
-22.25
-20.25
-21.25
-21.25
-18.25
-11.100000000000007
-19.7
-20.7
-8.600000000000005
-21.7
-20.8
-19.35
-22.25
-20.7
-19.900000000000002
-21.650000000000002
-21.7
-21.7
-10.150000000000002
-21.150000000000002
-20.7
-22.25
-21.150000000000002
-20.7
-20.35
0.09999999999999432
-22.75
-22.650000000000002
-21.35
-23.650000000000002
-21.7
-12.350000000000005
-22.1
-21.450000000000003
-11.350000000000003
-10.450000000000005
-22.25
-20.900000000000002
-19.35
-21.25
-22.8
-21.25
-20.150000000000002
-19.150000000000002
-18.7
-20.150000000000002
-23.5
-20.7
-21.8
-21.150000000000002
-20.7
-20.7
-19.35
-11.150000000000002
-21.150000000000002
-22.8
-21.150000000000002
-11.100000000000003
0.9999999999999964
-19.8
-21.150000000000002
-20.8
-21.7
-9.65
-18.7
-21.8
-19.8
-21.150000000000002
-21.900000000000002
-22.25
-22.25
-22.25
-20.150000000000002
-21.150000000000002
-21.150000000000002
-21.150000000000002
-20.7
-22.1
-20.900000000000002
-21.7
-21.7
-21.8
-9.200000000000001
-19.35
-20.900000000000002
-22.25
-21.450000000000003
-22.25
-9.450000000000001
-21.150000000000002
-21.25
-20.45
-10.700000000000003
-19.150000000000002
-12.100000000000009
-19.8
-21.150000000000002
-20.7
-22.5
-21.8
-21.150000000000002
-22.900000000000002
-22.25
-11.150000000000002
-22.25
-9.200000000000001
-9.200000000000001
-21.150000000000002
-20.8
-21.35
-19.8
9.999999999999979
-21.7
-20.8
-21.35
-21.35
-9.95000000000001
-21.150000000000002
-19.35
-20.8
-20.8
-21.7
-21.8
-18.900000000000002
-9.200000000000001
-19.45
-20.7
-9.4
-21.8
-9.350000000000001
-22.35
-22.35
-21.25
-19.3
-19.7
-21.7
-22.450000000000003
-18.25
-22.25
-21.7
-22.5
-21.25
-22.8
1.5499999999999883
-10.700000000000003
-20.7
-21.55
-20.8
-22.35
-20.150000000000002
-22.25
-21.55
-23.35
-21.7
-10.900000000000004
-11.000000000000007
-22.8
-9.700000000000003
-10.250000000000002
0.6999999999999957
-20.400000000000002
-13.300000000000004
-21.25
-19.7
-19.8
-21.55
-22.35
-21.25
-21.7
-21.35
-12.300000000000004
-19.25
0.29999999999999893
-20.150000000000002
-19.150000000000002
-14.450000000000003
-22.25
-20.25
-20.150000000000002
-21.150000000000002
-19.8
-22.9
-21.150000000000002
-22.75
-20.75
-20.45
-10.40000000000001
-22.9
-21.900000000000002
-21.7
-21.7
-21.150000000000002
-22.25
-20.7
-21.150000000000002
-20.7
-21.150000000000002
-21.25
-19.150000000000002
-10.150000000000002
-20.35
-20.55
-21.25
-19.35
-21.150000000000002
-21.150000000000002
-11.450000000000005
-9.000000000000005
-22.0
-21.25
-21.150000000000002
-19.7
-22.25
-19.150000000000002
-21.7
-22.25
-21.7
-9.65
-21.35
-21.35
-11.150000000000002
-21.7
-18.900000000000002
-19.150000000000002
-21.150000000000002
-21.7
-20.150000000000002
-21.25
-21.45
-9.4
-21.7
-22.8
-21.150000000000002
-19.150000000000002
-20.7
-0.5500000000000043
-19.150000000000002
-19.150000000000002
-19.7
-22.25
-22.25
-21.7
-21.150000000000002
-21.900000000000002
-22.8
-9.200000000000001
-21.8
-22.25
-21.25
-21.35
-20.7
-21.150000000000002
-23.25
-21.200000000000003
-19.7
-21.150000000000002
-10.700000000000003
-21.450000000000003
-18.8
-23.85
-22.3
-20.7
-21.150000000000002
-23.0
-20.900000000000002
-11.250000000000004
-20.25
-21.900000000000002
-21.150000000000002
-22.55
-21.150000000000002
-21.150000000000002
-21.150000000000002
-21.55
-11.450000000000006
-20.55
-21.25
-21.7
-21.150000000000002
-19.35
-21.150000000000002
-20.7
-20.900000000000002
-10.200000000000006
-19.25
-21.15
-20.2
-19.150000000000002
-20.7
-22.25
-21.7
-20.7
-8.75
-20.7
-21.55
-11.000000000000004
-21.450000000000003
-20.25
-21.150000000000002
-19.35
-10.100000000000003
-21.900000000000002
-8.750000000000002
-21.75
-21.450000000000003
-8.75
-23.0
-9.850000000000001
-22.25
-9.8
-21.150000000000002
-22.25
-20.25
-20.8
-10.900000000000006
-9.350000000000001
-21.150000000000002
-21.900000000000002
-18.900000000000002
-19.150000000000002
-10.800000000000004
-19.150000000000002
-10.350000000000003
-18.900000000000002
-21.0
-21.150000000000002
-21.7
-21.25
-20.7
-20.7
-21.25
-22.450000000000003
-20.1
-20.25
-11.350000000000005
-21.7
-20.45
-21.1
-21.150000000000002
-21.25
-22.8
-20.7
-10.20000000000001
-20.8
-20.7
-20.150000000000002
-21.150000000000002
-21.150000000000002
-20.8
-20.25
-10.250000000000002
-22.200000000000003
-21.450000000000003
-22.25
-19.150000000000002
-19.8
-19.8
0.5999999999999979
-9.8
-19.7
-21.150000000000002
-19.8
-11.300000000000008
-23.450000000000003
-22.35
-20.7
-22.8
-21.7
-21.55
-11.150000000000002
-9.900000000000002
-11.150000000000002
-20.950000000000003
-23.400000000000002
-8.75
-10.300000000000002
-21.400000000000002
-9.65
-19.7
-22.25
-20.7
-9.100000000000005
-22.25
-19.7
-21.150000000000002
-21.150000000000002
-21.150000000000002
-21.450000000000003
-9.200000000000001
-20.900000000000002
-20.900000000000002
-21.8
-21.8
-19.8
-21.25
-20.150000000000002
-20.35
-10.350000000000001
-20.35
-21.7
-23.3
-21.900000000000002
-9.900000000000002
-23.1
-20.150000000000002
-10.550000000000004
-20.7
-21.25
-21.900000000000002
-20.150000000000002
-21.150000000000002
-19.7
-20.8
-8.3
-21.150000000000002
-22.35
-20.7
-22.65
-19.150000000000002
-21.8
-20.150000000000002
-20.900000000000002
-20.7
-21.400000000000002
-21.7
-21.25
-21.150000000000002
-21.0
-22.25
-21.150000000000002
-20.8
-20.25
-20.45
1.3499999999999943
-11.400000000000007
-9.800000000000002
-20.150000000000002
-21.150000000000002
-21.0
-9.65
-22.900000000000002
-0.6500000000000021
-20.150000000000002
-20.25
-20.25
-8.450000000000003
-22.35
-20.150000000000002
-9.450000000000005
-19.7
-19.650000000000002
-22.450000000000003
-21.7
-20.8
-21.150000000000002
-20.7
-22.25
-20.55
-19.150000000000002
-21.35
-22.25
-22.25
-8.450000000000003
-20.35
-21.7
-22.25
-22.25
-19.7
-10.000000000000007
-21.150000000000002
-22.25
-19.7
-21.7
-21.45
-22.8
-20.7
-18.8
-21.8
-10.000000000000004
-20.900000000000002
-21.25
-21.150000000000002
-21.150000000000002
-20.45
-20.7
-19.650000000000002
-9.65
-21.150000000000002
-10.100000000000007
-22.900000000000002
-22.8
-20.25
-21.150000000000002
-20.1
-21.450000000000003
-19.35
-11.150000000000002
-23.450000000000003
-1.1000000000000085
-22.450000000000003
-22.25
-11.800000000000004
-21.150000000000002
-9.700000000000001
-22.35
-21.7
-21.8
-22.05
-22.25
-20.1
-21.0
-21.900000000000002
-20.35
-21.150000000000002
-10.700000000000003
-8.100000000000007
-21.25
-20.8
-21.150000000000002
-21.150000000000002
-20.7
-10.550000000000004
-10.150000000000002
-21.25
-19.8
-1.7500000000000107
-8.75
-22.900000000000002
-21.150000000000002
-21.7
-20.7
-22.25
-21.25
-21.150000000000002
-19.3
-21.8
-11.650000000000007
-20.25
-11.800000000000004
-21.7
-19.25
-19.25
-20.25
-19.150000000000002
-21.7
-22.450000000000003
-19.150000000000002
-21.55
-21.75
-20.7
-22.25
-21.25
-21.7
-19.25
-21.35
-20.150000000000002
-9.250000000000002
-8.8
-20.35
-10.350000000000003
-21.7
-22.0
-1.1500000000000128
-22.8
-19.7
-21.150000000000002
-10.450000000000005
-22.35
-22.25
-22.200000000000003
-20.8
-21.25
-19.8
-11.800000000000004
-20.8
-9.000000000000002
-21.900000000000002
-22.450000000000003
-22.200000000000003
-19.150000000000002
-21.25
-19.35
-22.25
-22.1
-22.150000000000002
-22.25
-11.100000000000007
-22.0
-20.650000000000002
-23.55
-21.25
-21.35
-19.8
-22.35
-22.8
-21.150000000000002
-9.65000000000001
-19.25
-21.150000000000002
-20.150000000000002
-21.650000000000002
-20.8
-20.25
-22.8
-21.7
-21.25
-19.7
-19.150000000000002
-21.7
-22.25
-18.7
-21.900000000000002
-21.7
-23.35
-19.7
-21.450000000000003
-12.000000000000004
-21.450000000000003
-20.25
-10.250000000000004
-21.150000000000002
-23.450000000000003
-20.55
-11.000000000000004
-10.650000000000002
-9.000000000000002
-19.7
-21.8
-22.25
-19.25
-20.25
-21.900000000000002
-20.7
-22.650000000000002
-21.8
-21.7
-22.450000000000003
-9.3
-10.250000000000004
-22.25
-18.7
-20.150000000000002
-19.900000000000002
-22.25
-9.700000000000003
-21.450000000000003
-20.35
1.0499999999999972
-22.35
-21.25
-21.25
-19.150000000000002
-20.25
-21.7
-20.7
-21.150000000000002
-20.7
-20.900000000000002
-21.25
-20.25
-22.25
-20.7
0.29999999999999893
-20.7
-21.75
-21.900000000000002
-22.5
-21.150000000000002
-9.350000000000001
-21.7
-20.900000000000002
-22.25
-19.7
-10.100000000000003
-20.55
-20.7
-21.8
-18.25
-19.150000000000002
-20.7
-21.7
-19.25
-9.750000000000005
-19.25
-19.7
-21.150000000000002
-21.7
-20.8
-20.25
-21.7
-11.30000000000001
-8.75
-20.25
-19.45
-10.050000000000013
-19.8
-11.150000000000002
-20.150000000000002
-21.25
-19.150000000000002
-21.8
-22.650000000000002
-22.5
-8.8
-21.7
-21.150000000000002
-21.150000000000002
-21.900000000000002
-19.8
-19.150000000000002
-20.8
-19.150000000000002
-11.150000000000002
-22.25
-21.150000000000002
-22.25
-20.7
-20.7
-20.7
-21.150000000000002
-20.7
-22.0
-22.900000000000002
-21.7
-21.45
-22.0
-19.900000000000002
-20.900000000000002
-23.450000000000003
-21.35
-19.900000000000002
-20.25
-21.8
-23.450000000000003
-21.7
-19.7
-11.150000000000002
-19.45
-22.0
-21.7
-21.8
-20.25
-19.7
-20.25
-20.7
-8.5
-23.0
-21.25
-22.650000000000002
-9.250000000000002
-21.150000000000002
-21.05
-21.35
-19.150000000000002
-11.150000000000002
-21.150000000000002
-21.150000000000002
-20.150000000000002
-21.150000000000002
-21.7
-20.25
-19.25
-10.700000000000003
-20.900000000000002
-20.150000000000002
-8.700000000000006
-9.900000000000002
-21.7
-20.200000000000003
-9.200000000000001
-21.7
-21.7
-20.7
-19.7
-19.45
-20.25
-21.0
-21.150000000000002
-22.25
-21.25
-22.75
-9.65
-20.8
-21.8
-8.8
-22.9
-21.1
-22.0
-21.150000000000002
-20.7
-22.05
-19.150000000000002
-18.7
-20.25
-9.8
-21.8
-22.0
-19.150000000000002
-21.900000000000002
-19.900000000000002
-21.150000000000002
-20.25
-21.150000000000002
-21.150000000000002
-21.8
-22.8
-20.400000000000002
-20.7
-21.150000000000002
-20.7
-22.700000000000003
-21.7
-20.25
-21.55
-21.85
-21.25
-11.350000000000003
-22.85
-19.85
-21.25
-21.900000000000002
-11.550000000000008
-9.450000000000001
-20.25
-19.7
-9.65
-21.150000000000002
-20.900000000000002
-21.150000000000002
-20.7
-19.1
-21.25
-21.150000000000002
-22.25
-21.25
-21.150000000000002
-21.25
-9.4
-21.200000000000003
-21.150000000000002
-21.7
-21.150000000000002
-21.25
-21.8
-20.25
-20.35
-11.850000000000009
-10.250000000000002
-21.8
-23.200000000000003
-21.150000000000002
-21.150000000000002
-11.750000000000007
-18.8
-20.25
-11.700000000000003
-11.100000000000005
-22.25
-20.35
-20.8
-21.900000000000002
-21.150000000000002
-0.5000000000000036
-21.8
-21.25
-10.250000000000002
-21.150000000000002
-20.7
-10.250000000000002
-22.25
-19.1
-10.150000000000002
-22.75
-11.250000000000004
-21.7
-21.150000000000002
-20.7
-18.7
-21.150000000000002
-21.25
-9.750000000000009
-12.25000000000001
-21.150000000000002
-18.7
-9.450000000000003
-10.300000000000006
-21.7
-10.800000000000004
-11.700000000000003
-19.25
-22.25
-21.150000000000002
-20.7
-20.7
-21.150000000000002
-22.650000000000002
-21.8
-8.4
-10.000000000000004
-20.25
-21.650000000000002
-21.7
-12.950000000000006
-23.25
-19.7
-11.700000000000003
-19.8
-20.75
-21.7
-20.650000000000002
-20.35
-21.8
-21.8
-20.150000000000002
-19.35
-18.7
-21.150000000000002
-22.8
-21.7
-22.9
-20.7
-21.150000000000002
-20.5
-22.900000000000002
-21.25
-10.000000000000005
-10.700000000000003
-20.0
-20.0
-21.150000000000002
-20.7
-9.000000000000002
-21.150000000000002
-8.75
-18.25
-9.700000000000003
-22.35
-22.900000000000002
-21.35
-21.0
-21.8
-19.900000000000002
-12.900000000000004
-22.25
0.5999999999999979
-20.8
-9.450000000000003
-20.150000000000002
-20.35
-20.1
-21.150000000000002
-9.900000000000004
-10.000000000000002
-21.35
-19.45
-22.450000000000003
-22.450000000000003
-19.150000000000002
-21.25
-21.8
-21.150000000000002
0.049999999999993605
-20.7
-20.35
-23.0
-21.25
-19.7
-9.250000000000004
-22.8
-21.150000000000002
-20.150000000000002
-20.7
-8.75
-21.8
-21.25
-19.8
-19.7
-21.150000000000002
-21.25
-20.0
-20.150000000000002
-11.300000000000004
-20.25
-10.200000000000003
-21.150000000000002
-23.200000000000003
-22.35
-20.35
-23.6
-21.900000000000002
-21.7
-9.400000000000007
-20.1
-21.75
-20.25
-21.1
-22.900000000000002
-21.7
-19.150000000000002
-21.900000000000002
-21.35
-21.450000000000003
-11.950000000000005
-20.150000000000002
-22.25
-20.150000000000002
-20.7
-20.8
-9.65
-19.150000000000002
-21.150000000000002
-21.150000000000002
-23.3
-21.8
-21.35
-10.100000000000001
-19.0
-19.150000000000002
-22.55
-22.55
-21.150000000000002
-9.700000000000001
-9.350000000000001
-19.75
-21.5
-21.25
-21.150000000000002
-19.150000000000002
-10.350000000000003
-18.25
-19.150000000000002
-11.700000000000003
-18.7
-21.25
-21.450000000000003
-21.7
-21.25
-21.35
-20.900000000000002
-10.250000000000002
-21.25
-23.0
-21.55
-21.8
-20.950000000000003
-21.150000000000002
-19.900000000000002
-12.200000000000003
0.14999999999999858
-10.250000000000002
-23.1
-21.900000000000002
-22.25
-19.8
-18.7
-20.7
-9.200000000000001
-10.75000000000001
-21.1
-9.65
-21.25
-22.25
-21.150000000000002
-20.7
-22.1
-21.7
-21.650000000000002
-21.150000000000002
-9.950000000000001
-8.900000000000006
-21.8
-20.7
-21.6
-21.35
-22.55
-22.25
-21.450000000000003
-20.7
-11.450000000000005
-20.25
-22.25
-22.25
-9.650000000000002
-12.100000000000005
-21.25
-9.75
-20.150000000000002
-21.25
-11.100000000000007
-10.800000000000002
-22.0
-20.25
-21.35
-22.55
-23.0
-19.35
-21.5
-21.150000000000002
-21.7
-21.8
-21.8
-21.8
-19.25
-11.15000000000001
-19.150000000000002
-23.35
-21.7
-8.8
-20.7
-20.25
-20.150000000000002
-21.7
-21.150000000000002
-21.25
-21.150000000000002
-21.150000000000002
-19.35
-22.55
-20.8
-20.85
-9.20000000000001
-19.150000000000002
-21.0
-21.150000000000002
-9.800000000000002
-20.7
-20.7
-20.150000000000002
-10.700000000000003
-21.150000000000002
-20.0
-20.7
-18.8
-20.45
-21.25
-19.150000000000002
-20.35
-20.650000000000002
-20.45
-21.950000000000003
-20.8
-21.0
-22.200000000000003
-10.250000000000004
-21.150000000000002
-21.25
-21.900000000000002
-21.7
0.24999999999999822
-19.0
-19.45
-21.150000000000002
-11.250000000000004
0.29999999999999893
-19.25
-20.7
-11.800000000000004
-22.25
-19.25
-22.85
-22.450000000000003
-20.7
-21.150000000000002
-22.35
-21.7
-23.0
-21.7
-21.150000000000002
-21.35
-21.55
-21.25
-20.7
-9.850000000000005
-8.25
-11.700000000000003
-18.900000000000002
-10.300000000000002
-21.35
-11.100000000000009
-23.1
-21.150000000000002
-19.8
-10.350000000000003
-22.0
-22.25
-21.150000000000002
-10.100000000000001
-21.1
-9.200000000000005
-18.7
-19.150000000000002
-21.150000000000002
-21.25
-20.25
-21.7
-19.200000000000003
-22.450000000000003
-21.8
-21.7
-9.65
-11.400000000000011
-21.150000000000002
-21.900000000000002
-22.25
-21.7
-9.700000000000003
-21.150000000000002
-9.3
-21.25
-1.20000000000001
-9.800000000000002
-21.7
-21.650000000000002
-21.150000000000002
-19.900000000000002
-21.35
-13.450000000000003
-21.150000000000002
-20.25
-19.25
-20.150000000000002
-20.55
-22.35
-11.000000000000004
-12.650000000000007
-20.7
-21.950000000000003
-22.25
-11.800000000000004
-20.25
-10.250000000000004
-20.25
-21.25
-22.25
-20.900000000000002
-21.25
-22.450000000000003
-20.25
-20.0
-22.35
-18.7
-11.350000000000005
-10.150000000000002
-20.7
-20.0
-22.8
-22.25
-20.7
-20.8
-7.550000000000004
-10.900000000000004
-19.150000000000002
-20.8
-22.400000000000002
-12.650000000000002
-22.25
-21.150000000000002
-9.800000000000002
-20.7
-21.0
-21.7
-21.8
-20.8
-21.900000000000002
-18.900000000000002
-20.25
-21.0
-10.150000000000002
-9.200000000000001
-20.8
-22.9
0.649999999999995
-10.700000000000003
-20.7
-21.25
-20.150000000000002
-21.25
-9.450000000000003
-19.150000000000002
-20.25
-21.150000000000002
-9.800000000000004
-21.7
0.649999999999995
-19.8
-19.150000000000002
-10.250000000000002
-19.7
-21.150000000000002
-21.150000000000002
-10.400000000000002
-22.8
-20.7
-8.600000000000001
-20.25
-10.400000000000004
-21.25
-20.7
-10.500000000000009
-20.8
-20.25
-10.900000000000002
-20.35
-20.35
-10.700000000000003
-19.8
-21.150000000000002
-20.8
-11.250000000000004
-10.700000000000003
-19.8
-18.7
-20.150000000000002
-21.7
-11.500000000000007
-22.25
-20.7
-12.450000000000003
-9.000000000000007
-19.45
-21.150000000000002
-21.900000000000002
-22.25
-20.25
-20.25
-19.150000000000002
-19.7
-21.85
-21.8
-19.45
-10.150000000000015
-9.85000000000001
-20.7
-21.900000000000002
-21.7
-11.800000000000004
-20.150000000000002
-10.500000000000002
-19.7
-18.35
-21.150000000000002
-22.25
-21.7
-21.25
-22.8
-20.7
-21.150000000000002
-21.8
1.7999999999999936
-9.100000000000007
-21.900000000000002
-8.000000000000004
-19.25
-19.900000000000002
-20.25
-21.25
-18.7
-22.55
-9.700000000000001
-21.150000000000002
-12.000000000000004
-18.7
-19.55
-19.150000000000002
-21.25
-19.150000000000002
-9.650000000000002
-19.8
-22.25
-20.150000000000002
-21.400000000000002
-20.150000000000002
-12.800000000000002
-23.200000000000003
-21.25
-11.150000000000013
-22.25
-10.550000000000002
-10.450000000000003
-20.650000000000002
-8.600000000000001
-21.35
-8.200000000000006
-21.8
-23.35
-21.900000000000002
-10.30000000000001
-9.250000000000002
-8.3
-21.35
-20.7
-12.350000000000005
-11.000000000000005
-19.35
-21.650000000000002
-10.150000000000002
-9.800000000000002
-21.150000000000002
-21.150000000000002
-9.350000000000003
-21.1
-19.7
-14.500000000000007
-22.0
-21.7
-21.7
-7.550000000000006
-22.700000000000003
-20.7
-10.250000000000004
-20.25
-19.150000000000002
-9.350000000000001
-20.150000000000002
-20.8
-21.8
-23.0
-21.8
-19.150000000000002
-11.650000000000007
-20.8
-23.150000000000002
-21.45
-20.7
-8.650000000000006
1.3499999999999943
-21.1
-23.35
-21.150000000000002
-11.750000000000004
-21.8
-21.150000000000002
-9.650000000000006
-11.450000000000005
-20.8
-22.25
-20.150000000000002
-21.55
-0.5000000000000142
-21.150000000000002
-21.150000000000002
-10.000000000000004
-22.25
-11.100000000000007
-21.450000000000003
-21.150000000000002
-21.150000000000002
-21.75
-22.55
-22.450000000000003
-12.800000000000002
-20.150000000000002
-21.7
-11.100000000000005
-21.7
-20.900000000000002
-22.25
-20.25
-21.35
-9.450000000000003
-22.55
-20.7
-21.75
-22.0
-22.75
-21.150000000000002
-21.0
-22.25
-12.40000000000001
-10.550000000000008
-9.650000000000007
-21.150000000000002
0.8499999999999872
-20.150000000000002
-22.25
-9.15
-21.650000000000002
-21.25
-20.8
-8.8
-21.7
-11.350000000000003
-8.9
-23.1
-20.7
-23.400000000000002
-18.7
-21.25
-21.900000000000002
-22.0
-21.55
-23.0
-21.150000000000002
-20.25
-20.25
-9.350000000000003
-21.25
-21.900000000000002
-18.7
-22.0
-11.900000000000006
-21.0
-20.7
-21.35
-10.400000000000006
-21.150000000000002
-21.25
-21.150000000000002
-9.700000000000001
-10.800000000000004
-19.8
-21.35
-21.450000000000003
0.44999999999999574
-9.800000000000002
-19.8
-21.7
-21.8
-21.35
-20.25
-21.25
-21.7
-21.25
-20.25
-9.65
-12.850000000000007
-9.550000000000002
-10.200000000000003
-22.25
-20.7
-9.900000000000002
-20.45
-9.250000000000002
-21.900000000000002
-21.150000000000002
-21.150000000000002
-21.8
-21.150000000000002
-21.55
-8.75
-10.900000000000002
-19.900000000000002
-21.7
-22.8
-20.25
-10.100000000000005
-21.7
-21.55
-18.650000000000002
-22.0
-21.55
-10.600000000000007
-12.450000000000003
-10.700000000000003
-11.850000000000003
-10.200000000000005
-19.7
-9.85000000000001
-22.25
-21.7
-20.900000000000002
-20.950000000000003
-19.0
-23.900000000000002
-19.45
-21.25
-10.450000000000008
-9.65
-8.20000000000001
-22.1
-22.200000000000003
-20.7
-22.25
-19.55
-10.250000000000002
-21.25
-18.7
-8.8
-19.150000000000002
-20.650000000000002
-19.650000000000002
-20.7
-19.8
-19.8
-21.7
-20.900000000000002
-21.0
-19.7
-1.5000000000000107
-21.7
-9.700000000000001
-21.150000000000002
-10.850000000000009
-9.3
-21.7
-19.7
-9.800000000000002
-20.1
2.4999999999999893
-22.650000000000002
-21.900000000000002
10.799999999999994
-22.0
-22.25
-20.8
-19.150000000000002
-20.8
-21.25
-9.100000000000007
0.6999999999999957
-21.35
-0.40000000000000924
-20.900000000000002
-8.8
-20.7
-21.150000000000002
-19.7
-10.65000000000001
-21.7
-21.8
-19.25
-20.7
-21.150000000000002
-22.35
10.349999999999994
-20.7
-20.25
-20.55
-22.55
-22.25
-22.8
-21.150000000000002
-20.25
-20.45
-11.900000000000004
-10.700000000000003
-21.3
-20.35
-21.55
-11.800000000000002
-21.35
-22.25
-20.900000000000002
-10.000000000000002
-18.8
-20.900000000000002
-22.25
-19.25
-9.65
-21.25
-21.150000000000002
-21.150000000000002
-22.25
-19.150000000000002
-9.700000000000001
-19.7
-9.65
-20.25
-19.25
-20.8
-21.8
-19.75
1.04999999999999
-20.7
-21.150000000000002
-9.200000000000008
-11.700000000000003
-22.900000000000002
-20.75
-22.450000000000003
-20.7
-18.25
-21.85
-21.8
-10.400000000000006
-20.7
-20.150000000000002
-22.8
-19.150000000000002
-21.8
-21.85
-21.1
-20.7
-20.25
-22.1
-10.000000000000004
-20.900000000000002
-19.7
-9.750000000000004
-21.7
-10.650000000000006
-19.7
-21.150000000000002
-21.7
-20.05
-20.7
-12.650000000000007
-21.7
-11.350000000000005
-21.450000000000003
-20.150000000000002
-20.150000000000002
-20.25
-19.45
-21.450000000000003
-11.200000000000006
-20.900000000000002
-21.0
-20.7
-22.450000000000003
-9.650000000000007
-21.8
-21.150000000000002
-21.900000000000002
-22.0
-10.700000000000003
-19.8
-11.150000000000002
-20.8
-19.7
-19.45
-21.25
-19.55
-19.8
-21.25
-21.150000000000002
-8.850000000000001
-20.45
-21.150000000000002
-11.800000000000004
-18.7
-19.400000000000002
-18.25
-21.35
-20.8
-22.8
-18.7
-11.450000000000005
-21.1
-21.150000000000002
-22.8
-20.8
-22.3
-21.75
-21.150000000000002
-21.150000000000002
-21.25
-19.7
-20.45
-21.200000000000003
-20.7
-8.750000000000007
-20.45
-21.0
-10.700000000000003
-22.25
-22.650000000000002
-20.35
-21.25
-21.900000000000002
-22.75
-21.200000000000003
-19.45
-22.25
-22.650000000000002
-18.8
-19.25
-21.25
-20.45
-10.100000000000007
-22.25
-11.200000000000008
-21.150000000000002
-21.650000000000002
-20.8
-23.450000000000003
0.5499999999999936
-19.7
-9.450000000000001
-21.0
-21.55
-21.25
-10.150000000000002
-23.25
-9.65
-20.7
-9.250000000000002
-9.000000000000002
-22.8
-20.150000000000002
-10.100000000000001
-21.150000000000002
-20.25
-19.8
-22.35
-21.8
-22.650000000000002
-19.7
-21.25
-22.25
-19.8
-19.8
-21.150000000000002
-10.250000000000002
-19.7
-20.900000000000002
-21.25
-19.25
-10.250000000000002
-21.1
-21.75
-20.7
-21.7
-20.8
-22.25
-22.25
-21.150000000000002
-22.0
-21.25
-10.650000000000006
-20.7
-21.150000000000002
-20.7
-22.35
-11.250000000000004
-19.7
-11.800000000000004
-21.35
-21.150000000000002
-19.45
-22.900000000000002
-22.1
-22.0
-20.75
-21.7
-21.7
-22.75
-10.750000000000004
-19.7
-9.200000000000001
-21.150000000000002
-21.8
-21.400000000000002
-20.75
-20.8
-21.25
-22.8
