0.005576421288390041 0.08559228515687924 0.2799563217200355 0.019032116209902913
-0.1068717281727741 0.15969302144842884 0.10544716304348707 -0.13326934302707952
-0.0739519723468712 0.15510282639521494 -0.008423384420596295 -0.18685187027479278
0.009890976886925619 0.003433047588622674 0.043641659965442385 0.07954669348794392
0.2904167812033346 -0.1696401966156059 -0.09957712536644965 -0.02241836774781521
-0.07934071299771744 0.06251799756089692 0.09002328433652616 -0.15108717633379062
0.07850779281849897 0.00122468134778395 0.11114121225184029 -0.034743280460354395
0.300735672025664 0.007176844987577847 -0.19293114199044653 0.05664936457302838
-0.01779699205268241 0.03232359642803052 0.17546182689755174 -0.05412743188920397
-0.1019711891105619 -0.08870440665997568 0.014183366652482519 0.19304660022065562
-0.08385030571262589 -0.11265471572883998 -0.10199946631664394 -0.06560942139296164
0.20045095426708326 -0.0004408827811091758 -0.08437065541416992 0.021125752694437606
0.04407115211224367 -0.16320367136361677 -0.13991039759172116 0.018459898063398587
0.1798443731485779 -0.2552496576875105 -0.09272193043804935 0.03390609854726163
0.1717915654190558 -0.2853136924890546 0.0805677617378765 0.08200671543187597
0.1112374262180126 0.04486457655518446 0.032469067762921744 0.05015141123540268
0.08516304623155894 0.03087395690953654 0.09907262116039348 -0.1708344986373348
0.030059686663849616 -0.18683723118066123 0.06346414187466498 -0.010415115557017046
0.04975176721164491 -0.017458986773227755 -0.22691760884211426 0.003159364333660584
-0.05724125698893159 -0.08610061932144036 9.83989390000384e-05 0.06253047311674782
-0.29511686650978874 0.1442329314728819 0.05599582674045884 0.18385230402545794
0.2619896852435976 -0.07098981701321777 -0.09604997339738924 0.11151044160670213
-0.16090418822182384 -0.19853302535551 -0.18393995203705607 -0.06198194255076957
0.016980577383341362 -0.21784434357037388 0.00018721438357289938 -0.127769361745773
-0.14313026062190928 0.14125685255271409 -0.2184964840986193 0.19910899084561995
0.2798564951246722 0.13626428625881454 0.3065438874471066 0.22330643680108228
0.41759974502764796 -0.273081881676138 -0.16310499257933364 0.008924833403452525
-0.2984180473396067 -0.1137381057436317 -0.0771361749102257 0.013447158565284554
-0.17399148431708075 -0.09164261897712861 -0.2943467313689625 0.3955781577314059
0.0532598985228244 0.02025651046470612 0.031280331198858986 -0.0450999279873788
-0.003360083241580739 0.009664373201016806 0.040347943210062034 0.03820471421027404
0.16881998944240237 -0.24563837352888382 -0.06347630468729563 0.14810006466096998
0.17227358472803678 0.0953937713626306 0.0859173041351583 -0.3100185723841112
0.17318177296748524 0.06138929605950973 0.019165273238048508 0.00964614172372888
-0.08035356812405396 0.19640802719357048 0.11871286850171583 -0.0661235089542022
0.09288669345108926 -0.023502439637698446 -0.023436780671238305 -0.10665260473588722
-0.3714257620346186 0.2623684778985269 0.026210587263652812 0.024950850777413408
0.021074594355654085 -0.06834071682322344 -0.23506641608469264 0.11530264038464559
-0.2564057651620103 0.4384057243096237 0.015390003448235866 -0.3965719333170059
0.06003486939501181 -0.015262553465951269 -0.021857446539304617 0.07154375171078521
-0.28297651048062505 0.13846364540428988 0.1359177353493323 -0.0535470436955869
0.11044578813047286 -0.16678617759951433 0.02164968917338693 0.353836642182774
-0.030068428934498723 0.05555871703424777 0.24142248552848264 -0.09769769961485686
-0.27555441148282606 0.16670912714748073 0.0083151323951508 -0.07045276589074542
0.5774269669423865 -0.1154933165314311 -0.1624052684096021 -0.06891580269539202
-0.3069209565365699 0.17011293217760148 0.0352336791419582 -0.20638220242050992
-0.39983692504235085 0.12250377213990045 0.0011892623728481473 0.1468721613539005
-0.022690755551207645 -0.02868680875208921 0.16647406288362282 -0.07057395851238264
0.07978178857538862 -0.010721373665580687 0.11391789984123461 0.02807716271479398
-0.0016029377218683993 0.15132469504891757 -0.14018043639933073 -0.18252727213955403
0.07745893843381618 0.0675591447382845 0.006922637511051513 -0.12626586826231648
0.15330461742766768 -0.34716848990276317 -0.05027687790706893 0.11810280374892149
0.1270095294136851 -0.04627212989659373 0.0031884365289818295 0.05000753780899979
-0.0343960676652339 0.30211419020390345 0.14966248120971015 -0.25197402969612753
-0.14814565358078816 0.042338726239513846 -0.2167938865423616 -0.04637483461228225
-0.34045185091341157 0.15406577873051344 0.05439581136968775 0.2317876913552489
-0.08277097285649598 -0.06826212344790135 -0.040356474440510916 0.20115603063571047
-0.18624614610318882 -0.0790875820045553 0.00023058334866606488 0.09340141015623736
0.18556927977551696 0.08289874810580797 0.23325224442586978 -0.1781571533142466
0.15072288642630297 -0.07343154497792947 0.11202431275264534 -0.10708100784649953
-0.17295599727906663 -0.16038707991781384 -0.3174684434671469 0.1569126720645595
-0.377462753837962 0.2727939513690174 0.09688287901409584 -0.2514602673160567
0.13274851772727184 -0.13926039063392376 0.10316456876193204 0.14992880456841592
0.0314490547625394 -0.17234503763875086 -0.10726945775956433 0.03833248295071823
