-72.5
-88.5
-91.5
-90.5
-86.0
-85.5
-90.0
-89.0
-76.5
-89.5
-88.0
-91.0
-90.5
-91.5
-89.0
-86.5
-90.5
-91.5
-88.0
-91.5
-91.5
-91.0
-77.5
-92.0
-75.0
-85.0
-89.5
-90.5
-89.0
-90.5
-91.5
-84.5
-91.0
-91.5
-89.5
-89.5
-77.5
-84.0
-85.0
-91.0
-89.0
-83.5
-90.0
-91.0
-89.5
-92.5
-90.5
-81.0
-92.0
-88.5
-91.0
-83.0
-88.5
-89.5
-90.0
-88.5
-69.0
-83.0
-83.5
-90.5
-91.0
-86.5
-90.0
-89.0
-89.5
-91.5
-89.5
-89.0
-83.5
-91.0
-85.5
-87.0
-88.0
-90.0
-89.5
-44.0
-74.5
-90.5
-91.5
-88.0
-91.5
-90.5
-91.5
-90.5
-83.0
-86.5
-88.5
-90.5
-89.0
-86.0
-92.0
-87.5
-82.0
-88.5
-84.0
-78.5
-88.5
-90.0
-90.5
-86.5
-84.5
-88.5
-75.5
-88.0
-76.0
-84.0
-79.5
-77.5
-78.0
-80.0
-85.5
-90.0
-90.5
-91.0
-91.5
-83.5
-87.5
-78.0
-91.5
-91.5
-87.0
-79.5
-88.0
-87.5
-77.0
-88.5
-91.5
-92.0
-79.0
-89.0
-91.5
-89.5
-90.0
-89.5
-90.5
-89.0
-92.5
-89.5
-89.5
-91.0
-85.0
-87.5
-87.0
-83.5
-78.5
-88.5
-86.0
-89.0
-90.5
-83.5
-90.5
-89.0
-87.0
-78.0
-85.5
-85.5
-90.0
-89.5
-91.5
-91.0
-91.0
-90.5
-83.0
-88.0
-86.0
-87.0
-90.0
-90.5
-91.5
-86.5
-86.0
-89.5
-91.0
-87.5
-86.0
-90.0
-91.0
-89.5
-72.5
-85.0
-74.5
-90.0
-82.5
-90.0
-81.5
-88.0
-87.5
-88.5
-76.0
-89.5
-90.5
-92.5
-89.5
-90.0
-91.0
-90.0
-88.5
-87.5
-90.0
-91.5
-89.5
-83.0
-85.0
-90.0
-89.5
-88.0
-76.5
-86.5
-89.5
-81.0
-90.0
-85.5
-81.0
-88.0
-80.0
-90.0
-92.0
-92.5
-89.5
-80.5
-92.0
-88.5
-85.0
-90.0
-92.5
-84.5
-88.0
-90.0
-77.5
-90.5
-55.5
-83.0
-91.5
-80.5
-91.0
-92.0
-92.5
-90.0
-86.0
-82.0
-91.5
-92.0
-79.0
-87.0
-91.0
-88.5
-83.5
-89.5
-90.0
-88.5
-89.5
-89.5
-90.5
-91.5
-90.5
-92.0
-88.5
-91.5
-89.0
-85.5
-87.0
-84.5
-85.5
-88.5
-90.5
-91.0
-91.5
-89.0
-90.0
-76.0
-91.0
-76.5
-86.0
-90.0
-82.5
-92.0
-91.0
-88.5
-79.5
-90.0
-91.5
-90.0
-78.5
-93.0
-92.5
-86.5
-88.0
-85.5
-90.0
-88.0
-79.0
-92.5
-73.0
-85.0
-90.5
-91.5
-91.5
-87.5
-84.5
-85.5
-91.5
-87.0
-69.5
-89.5
-89.5
-89.0
-90.5
-88.0
-89.5
-82.5
-92.0
-90.0
-89.0
-79.5
-81.0
-92.5
-91.5
-88.0
-91.0
-91.0
-89.5
-90.5
-90.0
-85.0
-85.0
-65.5
-92.0
-90.5
-83.0
-74.5
-92.5
-91.5
-86.5
-89.0
-91.5
-91.0
-90.5
-91.0
-79.5
-88.5
-85.0
-87.0
-81.5
-84.5
-88.5
-82.0
-90.5
-90.0
-91.0
-91.5
-83.0
-71.5
-81.0
-89.0
-88.0
-91.0
-76.5
-89.5
-85.0
-77.0
-90.5
-86.0
-83.5
-84.5
-62.0
-91.0
-91.5
-87.0
-90.5
-87.5
-90.0
-75.0
-64.5
-91.0
-91.5
-78.0
-91.5
-75.5
-91.5
-87.0
-88.5
-90.5
-88.0
-91.5
-91.5
-50.0
-86.0
-86.5
-74.0
-88.5
-82.0
-63.5
-90.0
-90.0
-82.5
-87.0
-90.5
-89.0
-90.0
-89.5
-76.0
-90.5
-92.0
-90.5
-91.5
-82.0
-91.5
-88.5
-90.5
-79.5
-82.0
-90.5
-84.5
-91.0
-89.0
-84.5
-89.0
-88.0
-90.5
-78.5
-92.0
-91.5
-90.5
-86.0
-73.0
-82.0
-88.0
-90.0
-90.0
-89.5
-76.0
-87.5
-86.0
-76.0
-91.0
-83.5
-90.5
-88.0
-82.5
-89.5
-88.5
-78.0
-92.0
-86.5
-89.5
-90.0
-89.5
-90.5
-86.0
-90.0
-87.0
-88.0
-90.5
-90.5
-80.5
-70.5
-90.5
-88.0
-90.0
-86.5
-88.5
-69.5
-91.0
-90.5
-82.5
-90.0
-75.0
-89.5
-91.0
-74.0
-90.0
-92.5
-87.0
-91.0
-86.0
-90.0
-85.5
-87.5
-91.0
-82.0
-81.0
-90.0
-92.5
-92.5
-91.5
-70.5
-92.0
-75.5
-77.5
-89.0
-88.0
-90.5
-79.5
-89.0
-92.0
-85.0
-91.5
-90.5
-89.0
-79.5
-78.0
-91.0
-91.0
-91.5
-89.0
-88.5
-84.0
-91.5
-83.5
-91.5
-71.0
-88.5
-90.5
-92.0
-73.0
-87.5
-91.0
-76.0
-86.0
-90.0
-82.5
-90.0
-91.0
-81.0
-90.5
-87.5
-86.0
-79.5
-88.0
-90.0
-91.0
-90.0
-91.5
-92.5
-91.0
-90.5
-90.0
-91.5
-83.5
-88.0
-86.0
-92.5
-82.0
-88.5
-90.5
-81.5
-76.5
-81.5
-86.0
-92.0
-84.0
-83.5
-91.0
-78.5
-87.0
-90.5
-89.5
-89.5
-87.5
-91.0
-92.0
-87.0
-73.5
-90.0
-89.5
-90.5
-79.5
-90.5
-90.0
-88.0
-89.5
-91.5
-82.0
-88.0
-76.0
-80.5
-86.0
-76.0
-91.0
-87.5
-77.5
-86.0
-91.5
-87.0
-91.0
-84.5
-88.5
-88.5
-90.0
-91.0
-90.5
-90.5
-89.5
-86.0
-88.5
-86.0
-90.5
-73.5
-88.0
-89.0
-86.0
-78.0
-91.0
-68.0
-80.0
-78.0
-90.0
-91.5
-81.0
-90.0
-87.0
-88.5
-90.5
-90.5
-90.5
-87.0
-90.5
-90.5
-90.0
-91.0
-90.5
-91.0
-72.0
-77.5
-83.5
-91.0
-88.5
-91.5
-91.0
-78.0
-91.0
-89.5
-93.0
-84.5
-91.5
-80.5
-80.0
-91.0
-91.5
-86.5
-88.5
-91.5
-87.5
-75.0
-88.0
-91.0
-81.5
-88.0
-86.0
-90.5
-66.5
-75.0
-91.5
-85.5
-88.5
-89.5
-84.5
-86.0
-88.5
-82.0
-78.5
-88.0
-91.5
-74.5
-76.0
-68.0
-85.0
-93.0
-69.5
-91.5
-82.5
-89.5
-80.0
-91.5
-81.5
-88.5
-79.0
-90.5
-79.5
-89.0
-89.5
-84.5
-89.0
-73.5
-91.0
-89.5
-89.5
-91.0
-90.0
-85.0
-86.5
-91.0
-90.5
-91.5
-71.5
-78.0
-91.5
-91.0
-77.5
-75.5
-90.0
-90.5
-84.5
-89.0
-89.5
-92.0
-74.5
-79.0
-91.0
-91.5
-91.0
-91.0
-77.0
-81.0
-91.0
-83.5
-84.5
-71.5
-67.5
-91.5
-89.5
-83.0
-86.5
-90.5
-88.0
-85.5
-90.0
-88.0
-88.5
-78.0
-81.5
-91.5
-89.5
-89.5
-82.5
-89.0
-81.5
-90.5
-82.5
-86.5
-89.0
-74.0
-91.5
-89.0
-89.0
-87.0
-91.5
-86.5
-91.0
-90.0
-90.5
-91.0
-90.0
-79.0
-81.5
-87.5
-90.5
-90.0
-90.5
-73.0
-87.5
-89.0
-91.0
-88.0
-85.0
-87.0
-90.0
-90.0
-86.0
-88.5
-87.5
-83.5
-84.5
-92.0
-81.5
-92.5
-72.5
-91.5
-90.5
-88.5
-89.5
-76.0
-89.5
-71.5
-89.0
-71.0
-91.0
-90.5
-91.0
-91.5
-90.0
-88.5
-88.0
-84.5
-91.5
-91.5
-81.0
-89.0
-91.0
-91.0
-91.5
-88.0
-69.5
-87.0
-86.0
-90.5
-87.0
-89.5
-90.5
-80.0
-92.0
-83.5
-90.0
-84.5
-73.5
-88.0
-90.5
-89.0
-91.5
-87.0
-89.0
-88.0
-92.0
-88.5
-91.0
-81.0
-91.0
-92.0
-89.5
-54.5
-91.5
-82.5
-91.0
-92.0
-91.5
-83.0
-58.5
-91.0
-91.0
-90.5
-91.5
-91.0
-90.0
-89.0
-79.5
-82.0
-73.0
-92.0
-87.5
-90.0
-88.0
-87.0
-81.0
-85.0
-87.5
-91.5
-75.0
-89.0
-81.0
-90.0
-91.0
-84.0
-82.0
-90.0
-91.5
-79.5
-92.5
-89.0
-82.0
-88.5
-89.5
-64.5
-91.0
-91.5
-83.0
-89.0
-88.5
-88.0
-87.5
-87.5
-90.5
-85.0
-90.0
-92.0
-83.0
-88.5
-79.5
-67.0
-90.5
-88.5
-87.5
-88.5
-87.5
-68.0
-89.5
-85.0
-91.0
-90.5
-88.5
-92.5
-90.5
-91.0
-89.0
-74.5
-91.5
-84.5
-90.5
-88.0
-90.5
-89.0
-91.0
-83.0
-90.5
-89.0
-85.0
-85.0
-81.0
-90.0
-84.0
-80.0
-61.0
-86.0
-89.0
-84.5
-85.0
-89.5
-84.5
-88.5
-80.0
-65.0
-90.0
-83.0
-87.5
-90.0
-81.5
-85.5
-83.5
-74.5
-91.5
-75.0
-90.5
-89.5
-90.5
-90.5
-90.5
-90.5
-89.0
-88.5
-90.0
-89.5
-76.5
-86.0
-89.0
-82.5
-80.0
-91.5
-90.5
-88.5
-91.0
-76.5
-92.0
-89.0
-83.0
-89.5
-91.0
-78.0
-89.5
-86.0
-76.0
-92.0
-81.5
-88.0
-88.5
-91.0
-90.5
-90.5
-65.0
-87.5
-82.5
-90.0
-92.0
-90.0
-82.0
-92.0
-74.0
-85.0
-89.5
-84.0
-91.5
-84.0
-89.5
-88.0
-85.5
-90.0
-87.5
-91.0
-78.0
-84.5
-57.5
-81.5
