-0.0444171961505833 -0.11926335450349558 0.15749565994662695 0.14140745199284538
0.17707282373494757 0.08676522180953641 0.09913386904315172 -0.1223105868038441
0.1283165884787112 0.16249510173725598 -0.035133803112260595 -0.2390074153571798
-0.07988817722761213 0.2486530298978187 0.14182916594025868 -0.05123228618347418
-0.0006395940964643417 -0.028023214628494036 0.38237744683934766 0.06232877048086301
-0.12310696884515196 -0.30100906831900787 -0.09191853934480818 -0.11130219906938017
0.16235805246821225 -0.03401964342459475 0.07932525559551505 0.3129917554976572
-0.035103631886710764 0.0023208263233624638 -0.1488105300537139 0.06181033330682377
-0.07345086654839172 -0.2306296360162494 -0.12040508117523248 -0.0012784831268303099
-0.01579126943399264 -0.08131877487734626 -0.026933910839913363 -0.06850738024633672
-0.2735939702476129 -0.06560124073817215 0.28028926943994015 0.05109388962209788
0.21242730619963668 0.01619859754144155 -0.11794868039253349 -0.18169733013613204
-0.0004937939259126079 -0.05444894480748863 -0.057368736472098114 -0.05287702916652666
0.013253450270234361 0.09205249683403635 -0.22053647032811963 0.040068845540710114
-0.08886075765286014 -0.09843208181955324 -0.044693976104282745 -0.03107925820454784
0.1342354151610243 -0.16805514383366393 0.02686432790017528 -0.2051120379139722
-0.04825253854311838 -0.19219273503341666 -0.02964595671509169 -0.06315497791311431
0.01379482198174594 0.06642631771508066 0.3167711501805755 0.08204790091892278
0.1601994830574244 0.18221092463571034 0.07416098670891957 -0.06004889770932113
-0.057266288280516275 -0.09381225866547514 0.15467723608552156 -0.11776236257783418
0.1717956374373451 -0.17156009533042532 -0.2772820659981132 0.05056265134210573
-0.0020677125351360537 -0.013928719940791427 0.41971815301344717 0.05831211942357738
0.34170521404645965 -0.04265320604790948 0.15506713811190276 -0.2571894732218136
-0.2670889386073978 -0.05470351700935464 0.631675301028784 -0.009543509842584239
0.03551023641160456 -0.17901091044462322 0.8150515611863667 0.0619955699648947
-0.009974317035187872 -0.07320754023090965 0.02120060617836386 -0.09932964751347777
0.13719285576590734 -0.04755831461225018 -0.18150761234165402 -0.018897947999412395
0.15337374913864757 -0.027119310275818046 -0.12055549846177732 -0.041997703836858837
0.11733970815458045 -0.14953748448230847 -0.2741493690627757 0.041946517378137864
-0.1544466983582754 -0.02244908770872903 0.10425669725736403 -0.23919431307860536
0.16252564205626294 -0.12055551080545714 -0.040015366990616086 -0.08882991181909998
-0.010205823305674079 -0.05963537358634494 0.0670840829161628 0.007949064597552815
0.08522663191999588 0.12980955123335902 0.04168108057964314 -0.012625262661855813
-0.1409090550587612 -0.3705850844372663 0.06292163013074838 -0.1577625189331415
0.012690846352505041 -0.07597975007603974 0.3272018384836874 -0.27921492845571766
0.23259044594553624 0.09631423340871599 0.2155457456332704 -0.07486278778091107
-0.16694328667161396 -0.0673756718900457 0.4218457562320138 0.05855212829061349
0.26969304629895197 -0.12025599112065351 -0.07601824397016838 0.011797539565241457
-0.052088978193851866 -0.008766255458766222 0.0012926926252673416 -0.013050690832179935
0.02471840306736059 0.008370263135816632 -0.43257379416053077 0.07355778320746202
-0.0847551227743464 -0.03468734097451025 0.25636782436435185 0.02726010360739759
-0.0396944039139174 -0.046498610109748616 0.7515033194139054 -0.14551856816284786
-0.05186643702877457 -0.03942435903291916 0.11224967327721432 -0.04995026162627329
0.14083994752241213 -0.15417345213104827 -0.032024949828570584 0.14274655038117284
0.08348757785210494 -0.08769448588548358 0.10541712154264851 -0.159338461322364
0.12391515506351337 0.1293300638592203 0.225151888309456 -0.08295099907782665
-0.06796485838965063 -0.023025844606647094 -0.09220753188050723 0.04429009347154958
0.10849726358748578 -0.09711564506775343 -0.06138696451453187 0.04284699770977296
-0.051925294644351555 -0.14280679871025279 0.0830390665636712 0.13521576306572958
0.0036639063780953794 0.16467830623040672 0.16791702167801154 0.14676930987503523
-0.05977712262934096 0.1620437437680565 0.017621582806754413 0.1097252125878377
0.0792280221136143 0.22749286332011703 -0.02595785738915535 -0.35480339097058244
-0.14787444468938526 -0.01734380098495392 -0.0032563680127072033 -0.15330220974462144
0.2739052083817076 -0.14269263186078576 -0.1675047658674273 -0.07973194064441388
-0.0354262963201131 -0.04333909890025899 -0.34114369314010706 0.21639622710847112
-0.17595457395074937 0.042654649987359676 0.6096528830349182 -0.07605909965518898
0.10730833677500866 0.0970065473704998 -0.19956375026066517 0.18238063823809697
0.15465435312248543 0.2328330584230512 0.48764892445800806 0.2679921800741869
-0.011032061084054337 0.0824294785515919 0.12204457645644312 -0.09236310350123676
0.08057768424808008 0.028412701658013614 0.48642330818728075 -0.013425206097308014
0.06141017012916777 -0.10821269264149219 -0.20215191497136129 0.14636819013641642
0.32301861225478584 0.13592353965265191 0.011943400523469188 -0.18950944756011393
0.19667295986451858 -0.059857552224191694 -0.16999411151076543 0.10603681799582768
-0.0039210700343853214 0.06206377603342861 -0.0717271412538296 0.04572545886871453
