-7.250000000000007
-24.85
-21.35
-20.45
-22.200000000000003
-20.8
-19.1
-13.400000000000006
-9.000000000000004
-23.0
-19.400000000000002
-23.0
-22.25
-20.45
-20.900000000000002
-21.8
-21.0
-23.05
-23.8
-10.100000000000003
-20.85
-22.5
-24.5
-23.9
-16.050000000000004
-21.0
-20.45
-12.850000000000007
-21.8
-8.3
-7.100000000000005
-23.45
-23.35
-21.8
-22.450000000000003
-25.2
-20.35
-12.65000000000002
-23.55
-21.200000000000003
-21.1
-22.1
-23.450000000000003
-21.25
-22.25
-23.950000000000003
-20.25
-17.900000000000002
-24.7
-23.049999999999997
-19.45
-25.549999999999997
-21.900000000000002
-22.950000000000003
-23.45
-23.35
-23.25
-21.45
-23.55
-24.049999999999997
-21.35
-22.1
-25.0
-22.65
1.4499999999999922
-22.55
-18.200000000000003
-25.15
-21.450000000000003
-22.9
-12.100000000000005
-19.2
-22.650000000000002
-24.2
-24.200000000000003
-15.95000000000001
-12.700000000000001
-11.400000000000011
-22.650000000000002
-17.450000000000003
-21.8
-24.55
-20.650000000000002
-23.35
-13.50000000000001
-21.45
-22.85
-18.25
-22.35
-21.8
-24.75
-22.75
-22.8
-21.35
-18.650000000000002
-20.900000000000002
-22.35
-25.95
-23.200000000000003
-23.35
-22.650000000000002
-25.95
-25.6
-22.8
-22.0
-22.35
-24.3
-22.55
-24.4
-23.35
-22.25
-12.200000000000006
-22.8
-18.05
-19.85
-21.0
-7.8000000000000025
-18.8
-23.2
-25.4
-21.0
-9.400000000000007
-24.299999999999997
-20.15
-23.0
-18.25
-22.450000000000003
-25.15
0.04999999999999716
-22.85
-20.35
-20.8
-25.4
-22.8
-22.3
-21.400000000000002
-21.150000000000002
-23.55
-22.45
-20.25
-21.8
-21.0
-8.050000000000008
-22.8
-20.45
-9.050000000000015
-21.900000000000002
-21.55
-20.25
-22.05
-23.05
-24.45
-24.1
-22.8
-10.000000000000004
-7.900000000000004
-22.150000000000002
-21.900000000000002
-8.750000000000009
-9.000000000000004
-21.950000000000003
-23.35
-21.900000000000002
-22.1
-16.65
-24.45
-8.650000000000007
-2.7000000000000384
-19.85
-18.650000000000002
-19.25
-22.900000000000002
-23.4
-20.45
-21.1
-22.900000000000002
-22.8
-21.900000000000002
-7.650000000000006
-12.50000000000001
-19.950000000000003
-21.900000000000002
-21.950000000000003
-22.900000000000002
-13.850000000000009
-21.0
-19.25
-23.65
-18.55
-20.8
-25.2
-21.8
-21.900000000000002
-24.55
-23.65
-22.25
-24.55
-23.25
-20.3
-22.0
-21.650000000000002
-23.55
-20.650000000000002
-22.450000000000003
-23.1
-24.55
-23.35
-19.1
-21.35
-22.65
-20.8
-22.55
-22.35
-25.85
-21.5
-21.55
-21.900000000000002
-22.200000000000003
-21.8
-22.8
-23.55
-19.0
-19.55
-23.650000000000002
-20.25
-24.05
-7.0
-7.5
-21.900000000000002
-22.25
-19.900000000000002
-21.55
-24.1
-23.75
-23.9
-22.75
-19.25
-19.200000000000003
-22.450000000000003
-23.6
-23.950000000000003
-23.450000000000003
-12.200000000000014
-21.85
-20.25
-22.35
-23.0
-22.450000000000003
-22.25
-24.45
-21.35
-19.450000000000003
-24.1
-23.55
-23.35
-24.75
-22.0
-19.35
-21.25
-7.350000000000016
-23.9
-20.900000000000002
-23.35
-21.8
-25.4
-24.0
-23.25
-21.45
-22.55
-18.650000000000002
-19.900000000000002
-23.0
-21.35
-13.800000000000008
-19.0
-22.1
-23.1
-23.200000000000003
-23.35
-22.75
-22.0
-24.55
-23.75
-21.35
-23.65
-7.900000000000002
-25.5
-21.900000000000002
-23.099999999999998
-24.7
-24.55
-23.9
-8.700000000000001
-23.75
-11.950000000000008
-22.8
-7.650000000000016
-21.1
-22.900000000000002
-18.8
-20.900000000000002
-24.05
-24.0
-23.35
-12.850000000000007
-8.950000000000003
-22.65
-13.25000000000001
-20.0
-24.1
-22.450000000000003
-23.65
-19.55
-20.3
-24.0
-24.25
-11.000000000000005
-20.45
-23.0
-20.8
-23.05
-22.650000000000002
-22.25
-24.55
-10.000000000000004
-24.0
-22.700000000000003
-23.35
-20.55
-20.1
-24.65
-21.8
-13.40000000000001
-19.900000000000002
-22.950000000000003
-24.55
-22.1
-10.000000000000005
-17.8
-23.0
-8.750000000000002
-12.500000000000007
-22.25
-24.45
-22.9
-22.950000000000003
-25.3
-22.400000000000002
-22.25
-8.400000000000011
-18.25
-22.400000000000002
-22.55
-23.9
-23.200000000000003
-21.3
-23.55
-20.900000000000002
-16.00000000000001
-10.900000000000004
-23.1
-22.8
-19.35
-21.0
-24.7
-19.45
-24.599999999999998
-24.45
-20.25
-22.8
-20.650000000000002
-23.650000000000002
-23.9
-22.7
-24.55
-17.650000000000002
-23.65
-19.650000000000002
-21.1
-19.900000000000002
-24.65
-21.3
-19.200000000000003
-25.15
-24.4
-21.4
-21.200000000000003
-21.8
-24.45
-23.0
-23.400000000000002
-20.45
-23.0
-21.45
-21.650000000000002
-8.900000000000002
-23.450000000000003
-20.0
-21.25
-22.35
-24.2
-21.900000000000002
-24.65
-19.8
-22.450000000000003
-22.900000000000002
-20.45
-21.55
-23.4
-25.25
-21.0
-19.25
-23.1
-22.900000000000002
-22.25
-22.65
-22.35
-19.25
-21.900000000000002
-22.35
0.4999999999999929
-20.55
-20.5
-23.4
-6.95
-24.75
-22.85
-23.35
-23.599999999999998
-20.900000000000002
-21.3
-21.35
-9.05
-20.900000000000002
-23.700000000000003
-26.9
-7.400000000000002
-23.9
-23.05
-21.35
1.4999999999999893
-22.650000000000002
-7.7500000000000036
-22.0
-25.25
-23.450000000000003
-23.450000000000003
-21.75
-20.8
-17.8
-21.450000000000003
-20.650000000000002
-21.650000000000002
-18.0
-18.700000000000003
-19.700000000000003
-10.850000000000021
-24.75
-21.900000000000002
-25.55
-23.85
-21.8
-8.450000000000003
-19.0
-23.35
-24.449999999999996
-2.1000000000000227
-24.3
-23.25
-23.55
-9.700000000000006
-9.500000000000004
-22.8
-24.6
-24.2
-19.650000000000002
-22.25
-22.8
-22.400000000000002
-21.35
-23.650000000000002
-22.0
-25.3
-21.75
-23.9
-23.25
-24.0
-23.950000000000003
-17.35
-23.0
-23.05
-22.3
-10.200000000000005
-20.1
-11.350000000000005
-22.8
-24.7
-22.6
-20.55
-23.45
-22.650000000000002
-21.900000000000002
-17.35
-24.3
-21.650000000000002
-14.150000000000004
-21.25
-21.35
-22.25
-23.35
-22.400000000000002
-19.700000000000003
-23.200000000000003
-22.05
-22.450000000000003
-19.05
-22.25
-23.3
-8.900000000000002
-23.05
-22.55
-23.9
-26.099999999999998
-19.3
-18.950000000000003
12.849999999999977
-24.35
-22.900000000000002
-21.950000000000003
-20.900000000000002
-23.35
-10.300000000000006
-22.55
-21.35
-25.35
-19.95
-19.950000000000003
-21.55
-23.2
-1.2000000000000064
-21.8
-23.1
-9.950000000000008
-25.15
-24.2
-22.25
-21.5
-22.35
-21.8
-23.200000000000003
-22.55
-22.900000000000002
1.4999999999999893
-22.85
-22.35
-23.650000000000002
-20.55
-21.900000000000002
-21.200000000000003
-22.35
-21.650000000000002
-19.8
0.9499999999999957
-21.95
-22.9
-12.200000000000014
-22.8
-7.8500000000000085
-24.25
-8.350000000000001
-24.75
-9.550000000000008
-19.25
-23.1
-24.1
-21.200000000000003
-17.35
-24.05
-21.0
-20.5
-22.8
-20.45
-23.549999999999997
-17.8
-21.8
-22.3
-20.1
-8.050000000000004
-23.9
-22.8
-20.650000000000002
-8.050000000000004
-7.750000000000002
-9.350000000000003
-10.600000000000005
-24.6
-20.45
-25.049999999999997
-25.4
-20.25
-22.5
-21.45
-19.75
-23.35
-9.000000000000004
-22.3
-25.95
-20.95
-7.8500000000000005
-20.1
-19.8
-22.650000000000002
-22.75
-24.75
-22.35
-19.35
-24.05
-22.650000000000002
-21.8
-21.900000000000002
-24.75
-19.6
-23.950000000000003
-20.35
-21.000000000000004
-7.050000000000001
-22.25
-19.400000000000002
-20.0
-19.35
-23.9
-22.900000000000002
-22.1
-18.35
-25.3
-22.25
-23.35
-22.200000000000003
-21.35
-16.9
-21.950000000000003
-20.35
-9.200000000000001
-22.25
-19.450000000000003
-22.25
-25.55
-22.8
-20.45
-25.749999999999996
-18.0
-9.800000000000002
-19.8
-20.1
-21.450000000000003
-22.3
-12.650000000000002
-22.450000000000003
-18.35
-24.4
-22.85
-22.25
-19.8
-22.650000000000002
-19.35
-22.8
-21.3
-11.850000000000007
-21.8
-13.200000000000003
-22.450000000000003
-20.8
-16.65
-20.35
-21.95
-23.9
-22.650000000000002
-20.55
-19.1
-22.9
-21.8
-11.250000000000004
-22.2
-22.25
-23.450000000000003
-21.55
-19.35
-21.200000000000003
-22.900000000000002
-19.650000000000002
-22.200000000000003
-19.900000000000002
-20.35
-21.8
-24.4
-22.1
-24.7
-23.450000000000003
-12.40000000000001
-22.900000000000002
-9.800000000000002
-19.650000000000002
-23.45
-22.450000000000003
-22.2
-23.849999999999998
-24.2
-25.799999999999997
-24.3
-20.25
-15.300000000000017
-24.6
-23.650000000000002
-12.850000000000005
-22.25
-22.9
-22.0
-22.25
-23.9
-18.45
-21.95
-22.8
-8.850000000000005
-24.6
-20.35
-13.3
-12.350000000000003
-18.900000000000002
-22.8
-22.450000000000003
-22.85
-14.100000000000001
-24.65
-10.850000000000025
-22.450000000000003
-22.35
-24.0
-11.400000000000007
-10.400000000000011
-22.0
-19.2
-22.25
-21.900000000000002
-26.699999999999996
-7.8500000000000005
-9.250000000000002
-20.650000000000002
-22.25
-20.55
-12.800000000000002
-10.60000000000001
-19.1
-22.1
-25.7
-21.05
-23.35
-23.75
-20.35
-18.8
-21.85
-19.900000000000002
-7.050000000000011
-24.45
-21.8
-20.45
-22.0
-24.1
-21.1
-12.550000000000008
-8.750000000000004
-24.1
-25.15
-23.35
-22.8
-21.35
-10.800000000000002
-22.3
-21.400000000000002
-24.05
-21.75
-10.200000000000006
-11.850000000000007
-22.25
-21.8
-21.85
-24.55
-25.75
-8.000000000000002
-23.35
-24.35
-23.0
-21.950000000000003
-20.75
-20.950000000000003
-13.700000000000006
-21.55
-23.35
-20.25
-22.1
-22.45
-20.25
-19.25
-21.8
-13.100000000000023
-9.650000000000013
-17.75
-21.25
-10.350000000000005
-25.1
-22.35
-23.85
-22.450000000000003
-19.45
-25.599999999999998
-20.1
-19.1
-24.0
-21.55
-23.6
-20.2
-13.000000000000004
-22.450000000000003
-20.1
-10.300000000000004
-22.35
-24.2
-23.650000000000002
-21.75
-12.800000000000002
-24.45
-22.650000000000002
-23.65
-12.850000000000007
-23.9
-22.900000000000002
-18.8
-23.35
-22.25
-22.900000000000002
-23.0
-23.1
-18.8
-22.35
-21.8
-19.0
-22.450000000000003
-11.350000000000007
-18.45
-23.35
-23.35
-21.200000000000003
-22.3
-19.45
-22.25
-25.1
-24.45
-21.900000000000002
-21.450000000000003
-23.3
-21.900000000000002
-22.35
-24.3
-22.55
-23.75
-23.35
-22.8
-21.1
-25.0
-21.450000000000003
-12.100000000000005
-21.2
-23.5
-8.350000000000014
-23.0
-22.65
-9.350000000000007
-22.200000000000003
-23.400000000000002
-12.750000000000005
-21.8
-23.0
-9.100000000000003
-21.0
-19.0
-17.35
-22.8
-17.95
-9.450000000000005
-17.35
-22.6
-23.0
-24.1
-18.55
-21.55
-21.6
-24.45
-21.8
-24.1
-23.55
-19.200000000000003
-24.0
-22.8
-19.900000000000002
-24.15
-22.25
-20.25
-11.800000000000015
-21.8
-19.200000000000003
-23.9
-21.950000000000003
-22.3
-24.0
-22.6
-22.55
-23.3
-22.900000000000002
-10.350000000000003
-23.75
-21.8
-18.35
-22.45
-22.75
-9.800000000000002
-19.45
-21.35
-21.35
-8.600000000000009
-19.650000000000002
-14.200000000000006
-22.25
-22.9
-19.650000000000002
-25.2
-23.450000000000003
-21.650000000000002
-26.4
-23.6
-22.1
-21.05
-10.85000000000002
-21.900000000000002
-23.55
-21.8
-22.65
-8.600000000000001
-20.3
-22.900000000000002
-24.2
-18.25
-24.55
-21.400000000000002
-22.75
-23.75
-21.1
-21.650000000000002
-22.55
-20.8
-22.35
-19.150000000000002
-22.450000000000003
-25.65
-10.250000000000009
-23.45
-21.450000000000003
-22.35
-24.450000000000003
-25.4
-22.25
-24.200000000000003
1.4499999999999922
-13.45000000000001
-21.900000000000002
-23.2
-7.8500000000000005
-21.650000000000002
-22.35
-22.05
-19.1
-19.200000000000003
-21.45
-23.0
-23.450000000000003
-24.6
-9.200000000000003
-22.450000000000003
-22.8
-23.4
-21.900000000000002
-23.85
-24.45
-24.45
-24.1
-12.750000000000005
-22.650000000000002
-25.05
-19.25
-19.650000000000002
-25.3
-23.9
-20.45
-21.450000000000003
-25.799999999999997
-23.9
-23.400000000000002
-23.2
-23.05
-13.90000000000001
-23.55
-26.599999999999998
-19.900000000000002
-21.400000000000002
-22.75
-21.3
-20.2
-20.95
-18.25
-23.700000000000003
-22.25
-25.8
-17.700000000000003
-16.65
-22.650000000000002
-21.950000000000003
-21.55
-22.450000000000003
-21.900000000000002
-23.1
-24.0
-18.75
-23.9
-23.35
-18.25
-21.150000000000002
-23.200000000000003
-25.0
-19.8
-22.400000000000002
-25.0
-23.35
-19.7
-20.900000000000002
-25.599999999999998
-19.0
-24.5
-22.25
-19.75
-21.35
-9.70000000000001
-10.350000000000021
-23.75
-22.75
-22.3
-22.25
-17.900000000000002
-20.1
-23.200000000000003
-23.0
-21.650000000000002
-23.55
-0.10000000000001918
-10.650000000000006
-0.8000000000000185
-25.0
-22.25
-22.450000000000003
-24.0
-23.5
-21.0
-20.25
-22.65
-20.35
-21.5
-11.20000000000002
-21.150000000000002
-21.400000000000002
-23.1
-9.350000000000003
-23.35
-22.849999999999998
-23.400000000000002
-23.450000000000003
-23.200000000000003
-24.3
-25.0
-24.15
-20.45
-17.1
-7.900000000000002
-25.0
-20.3
-24.5
-19.1
-21.8
-22.450000000000003
-23.200000000000003
-10.350000000000003
-24.65
-23.55
-23.75
-22.35
-22.35
-25.25
-24.4
-11.150000000000006
-20.35
-18.85
-24.3
-10.400000000000011
-23.650000000000002
-26.499999999999996
-21.900000000000002
-4.7000000000000135
-24.45
-22.1
-23.6
-9.900000000000007
-17.45
-22.55
-18.8
-19.8
-22.8
-19.950000000000003
-24.2
-22.6
11.04999999999999
-22.0
-19.25
-18.6
-21.55
-22.0
-19.55
-21.900000000000002
-23.1
-25.049999999999997
-21.700000000000003
-21.0
-13.300000000000008
-9.400000000000006
-23.9
-20.45
-8.750000000000002
-24.45
-24.0
-27.199999999999996
-18.45
-24.0
-21.8
-22.900000000000002
-20.35
-23.0
-15.799999999999999
-25.95
-22.5
-24.55
-8.700000000000001
-17.650000000000002
-22.9
-22.35
-24.4
-25.2
-22.8
-21.6
-23.299999999999997
-20.0
-22.55
-20.900000000000002
-24.0
-18.35
-22.5
-22.049999999999997
-18.3
-23.450000000000003
-23.400000000000002
-22.650000000000002
-1.350000000000005
-21.450000000000003
-23.3
-8.550000000000004
-17.8
-22.0
-23.1
-11.650000000000006
-22.450000000000003
-21.900000000000002
-22.3
-24.0
-19.650000000000002
-9.650000000000004
-23.0
-22.2
-22.25
-21.900000000000002
-13.3
-24.45
-18.8
-23.55
-22.35
-20.3
-22.35
-19.0
-5.900000000000013
-23.3
-16.9
-21.35
-20.8
-10.650000000000006
-22.85
-11.45000000000001
2.749999999999975
-24.25
-24.45
-13.900000000000007
-9.65
-24.75
-24.45
-22.0
-21.85
-24.45
-23.7
-20.25
-21.450000000000003
-19.400000000000002
-22.1
-23.2
-24.0
-20.1
-23.200000000000003
-24.2
-22.35
-21.25
-20.900000000000002
-23.9
-23.45
-23.65
-19.900000000000002
-21.1
-21.400000000000002
-19.0
-21.5
-12.350000000000012
-19.8
-21.650000000000002
-22.8
-22.8
-21.8
-22.25
-18.45
-24.45
-22.700000000000003
-24.35
-21.25
-14.800000000000004
-21.900000000000002
-22.25
-12.10000000000002
-23.5
-21.400000000000002
-11.300000000000004
-21.900000000000002
-23.75
-17.35
-20.900000000000002
-22.35
-20.6
-23.35
-25.2
-23.55
-8.55
-19.8
-21.8
-21.35
-23.45
-21.450000000000003
-23.200000000000003
-22.450000000000003
-23.55
-23.0
-23.9
-23.55
-24.55
-22.75
-22.25
-22.85
-21.900000000000002
-1.000000000000007
-24.45
-21.900000000000002
-22.3
-23.6
-12.150000000000006
-22.8
-24.9
-22.900000000000002
-22.25
-10.750000000000005
-22.349999999999998
-22.25
-18.45
-8.450000000000005
-7.65
-20.1
-21.650000000000002
-23.450000000000003
-12.900000000000004
-8.05
-24.9
-22.25
-21.85
-22.1
-21.900000000000002
-26.0
-25.1
-22.35
-20.8
-20.8
-22.150000000000002
-20.650000000000002
-24.55
-23.25
-21.900000000000002
-21.650000000000002
-21.950000000000003
-19.45
-21.3
-23.9
-20.55
-20.650000000000002
-23.55
-7.450000000000001
-18.8
-23.25
-21.450000000000003
-18.85
-21.900000000000002
-7.8500000000000005
-25.0
-22.8
-22.400000000000002
-23.9
-20.8
-18.75
-22.8
-20.650000000000002
-22.55
-21.55
-24.45
-22.650000000000002
-25.099999999999994
-21.25
-25.7
-19.650000000000002
-23.9
-12.100000000000003
-16.75
-22.1
-21.8
-23.950000000000003
-21.35
-22.35
-10.300000000000018
-23.4
-24.1
-21.0
-19.650000000000002
-17.1
-20.3
-14.750000000000004
-22.150000000000002
-21.900000000000002
-24.0
-22.5
-23.0
-22.85
-23.45
-24.45
-23.0
-24.200000000000003
-23.0
-17.55
-9.900000000000002
-21.8
-20.3
-25.35
-25.7
-22.25
-22.25
-21.55
-21.700000000000003
-23.0
-23.450000000000003
-18.2
-22.900000000000002
-23.450000000000003
-21.15
-22.25
-22.8
-8.05
-11.200000000000006
-18.8
-19.35
-22.5
-24.150000000000002
-18.25
-13.050000000000004
-11.600000000000003
-21.55
-24.450000000000003
-22.25
-8.75
-22.650000000000002
-17.35
-22.55
-17.900000000000002
-22.35
-23.75
-20.75
-10.00000000000002
-9.350000000000001
-25.1
-21.3
-20.35
-21.25
-23.0
-18.0
-22.3
-11.70000000000001
-22.55
-21.35
-20.05
-24.6
-21.65
-22.200000000000003
-22.700000000000003
-20.0
-20.2
-2.20000000000001
-9.450000000000003
-13.45000000000001
-22.8
-21.1
-8.900000000000002
-9.900000000000002
-20.3
-12.100000000000005
-21.0
-9.050000000000008
-21.85
-13.399999999999999
-20.55
-18.650000000000002
-22.200000000000003
-10.60000000000001
-19.35
-7.8500000000000005
-19.400000000000002
-24.1
-22.55
-10.600000000000012
-22.450000000000003
-19.1
-23.650000000000002
-9.700000000000017
-23.450000000000003
-8.600000000000012
-22.35
-21.450000000000003
-21.450000000000003
-22.25
-8.550000000000006
-23.1
-23.450000000000003
-22.8
-21.8
-24.049999999999997
-12.850000000000003
-23.0
-21.650000000000002
-22.3
-11.65000000000001
-24.45
-22.65
-19.25
-22.35
-12.200000000000006
-23.35
-22.4
-20.45
-22.5
-22.3
-20.35
-9.750000000000005
-19.25
-24.65
-17.45
-20.900000000000002
-25.25
-14.200000000000005
-24.55
-22.700000000000003
-20.75
-21.8
-8.700000000000001
-22.5
-23.450000000000003
-22.3
-23.400000000000002
-22.25
-22.400000000000002
-21.400000000000002
-22.3
-25.299999999999997
-23.35
-25.55
-21.450000000000003
-10.250000000000004
-10.700000000000008
-22.8
-19.45
-21.1
-7.850000000000017
0.09999999999998366
-22.25
-20.55
-22.5
-22.900000000000002
-24.15
-9.900000000000002
-23.8
-20.1
-22.900000000000002
-19.8
-26.249999999999996
-22.450000000000003
-12.000000000000005
-24.45
-23.0
-23.9
-22.200000000000003
-23.9
-8.350000000000001
-21.8
-22.55
-24.1
-23.55
-23.450000000000003
-19.55
-21.900000000000002
-24.1
-9.100000000000003
-21.35
-23.0
-20.4
-21.650000000000002
-23.200000000000003
-20.900000000000002
-21.25
-22.25
-20.45
-23.55
-22.25
-20.650000000000002
-25.4
-24.849999999999998
-17.8
-25.15
-24.65
-20.200000000000003
-22.0
-23.650000000000002
-22.05
-20.1
-24.0
-25.199999999999996
-22.900000000000002
-23.55
-22.55
-23.35
13.100000000000005
-20.650000000000002
-21.650000000000002
-23.55
-21.25
-22.25
-22.8
-23.6
-21.200000000000003
-17.8
-22.1
-18.25
1.7499999999999822
-22.5
-22.55
-24.450000000000003
-23.35
-22.85
-24.3
-21.45
-20.25
-20.150000000000002
-21.75
-8.3
-22.25
-19.25
-23.849999999999998
-19.8
-24.15
-21.45
-25.15
-19.45
-21.900000000000002
-22.35
-19.8
-24.55
-23.7
-11.30000000000001
-24.25
-21.55
-22.85
-22.8
-22.35
-22.1
-22.450000000000003
-22.2
-22.900000000000002
-12.650000000000006
-20.8
-24.45
-9.350000000000014
-20.650000000000002
-21.55
-10.850000000000021
-23.35
-22.05
-22.900000000000002
-16.55
-18.900000000000002
-22.35
-22.8
-21.8
7.1999999999999815
-24.95
-22.55
-24.1
-21.75
-24.5
-23.0
-25.95
-23.450000000000003
-24.85
2.849999999999987
-21.650000000000002
-16.65
-22.400000000000002
-22.75
-9.850000000000005
-21.8
-22.55
-25.15
-22.65
-23.05
-19.8
-12.70000000000001
-22.9
-6.750000000000005
-19.1
-19.650000000000002
-22.7
-19.55
-22.6
-25.05
-24.95
-23.200000000000003
-18.45
-26.0
-11.950000000000006
-21.650000000000002
-7.450000000000003
-21.8
-22.0
-19.650000000000002
-21.35
-22.5
-20.85
-21.35
-22.25
-23.6
11.39999999999998
-22.1
-22.0
-24.1
-22.3
-20.900000000000002
-20.0
-23.450000000000003
-22.8
-18.200000000000003
-25.599999999999998
-22.65
-24.4
-23.9
-24.349999999999998
-23.0
-22.95
-20.0
-21.35
-21.85
-11.300000000000008
-21.3
-23.35
-22.450000000000003
-20.200000000000003
-13.150000000000013
-23.7
-20.85
-21.5
-20.900000000000002
-18.200000000000003
-18.45
-20.25
-22.1
-18.8
-23.35
-24.45
-21.35
-25.4
-19.700000000000003
-23.25
-22.35
-22.8
-12.900000000000004
-22.900000000000002
-19.25
-23.9
-21.900000000000002
-8.90000000000001
-22.3
-20.05
-13.000000000000005
-24.05
-23.35
-10.300000000000002
-23.6
-23.35
-23.55
-21.8
-20.650000000000002
-18.35
-21.0
-19.1
-21.45
-23.95
-25.5
-23.8
-23.1
-21.35
-24.75
-22.75
-22.25
-23.85
-23.85
-10.450000000000005
-23.450000000000003
-17.35
-9.700000000000014
-22.85
-12.950000000000017
-20.45
-8.000000000000002
-24.0
-23.599999999999998
-21.150000000000002
-23.35
-20.1
-17.8
-21.35
-22.8
-23.9
-13.45000000000001
-11.450000000000005
-7.100000000000001
-19.45
-22.099999999999998
-9.500000000000004
-21.400000000000002
-23.35
-18.8
-23.65
-22.650000000000002
-3.8000000000000114
-24.1
-22.650000000000002
-23.9
-20.0
-13.750000000000002
-19.900000000000002
-19.5
-18.25
-10.450000000000003
-23.25
-22.3
-21.450000000000003
-19.55
-18.25
-23.9
-23.0
-24.599999999999998
-22.35
-20.1
-21.85
6.599999999999991
-24.1
-22.1
-10.000000000000012
-22.35
-19.35
-7.15
-24.1
-20.75
-22.200000000000003
-19.45
-22.25
-21.1
-20.8
-22.450000000000003
-18.45
-24.35
-23.45
-18.35
-22.8
-10.750000000000009
-21.1
-23.35
-23.5
-19.400000000000002
-20.900000000000002
-20.900000000000002
-20.25
-18.25
-22.650000000000002
-21.05
-24.55
-3.15000000000002
-23.400000000000002
-24.75
-18.45
-24.45
-21.450000000000003
-22.25
-22.85
-21.45
-21.55
-21.45
-23.35
-22.05
-21.35
-19.200000000000003
-22.65
-26.349999999999998
-21.35
-10.450000000000003
-22.9
-11.30000000000001
-19.7
-24.0
-20.25
-9.750000000000004
-22.65
-23.200000000000003
-23.55
-9.300000000000008
-22.35
-19.700000000000003
-18.45
-24.3
-10.95000000000001
-23.9
-20.650000000000002
-21.25
-21.6
-22.25
-22.450000000000003
-22.8
-22.5
-21.55
-18.900000000000002
-22.3
-21.900000000000002
0.6999999999999744
-20.95
-21.450000000000003
-20.5
-24.45
-21.0
-23.75
-23.35
-22.0
-18.5
-24.45
-23.9
-21.35
-25.4
-22.25
-24.799999999999997
-19.0
-22.200000000000003
-23.9
-24.5
-21.2
-22.900000000000002
-21.45
-22.9
-19.8
-22.1
-18.25
-20.75
-23.75
-22.25
-20.75
-21.450000000000003
-22.9
-23.65
-20.25
-21.650000000000002
-17.4
2.499999999999986
-19.35
-22.450000000000003
-20.400000000000002
-28.349999999999994
-24.1
-23.1
-22.65
-18.400000000000002
-24.55
-19.8
-21.35
-23.0
-23.65
-22.450000000000003
-24.05
-22.85
-21.55
-21.8
-21.8
-22.450000000000003
-22.1
-24.25
-20.75
-21.65
-22.900000000000002
-22.55
-18.650000000000002
-24.05
-19.8
-7.8500000000000005
-21.8
-25.749999999999993
-10.200000000000006
-23.8
-22.8
-20.900000000000002
-22.25
-22.45
-10.800000000000015
-14.100000000000003
-22.8
-25.95
-22.200000000000003
-22.25
-18.8
-20.900000000000002
-20.35
-23.75
-24.85
-22.450000000000003
-21.35
-21.499999999999996
-23.450000000000003
-19.2
-21.1
-23.9
-22.35
-12.000000000000005
-24.85
-15.55
-22.85
-23.35
-23.700000000000003
-22.2
-22.55
-20.35
-22.25
-8.600000000000001
-22.8
-20.900000000000002
-19.650000000000002
-21.35
-23.650000000000002
-23.35
