0.23279861240495642 0.3036006051180877 0.4023118924035893 0.5702356252414178
0.3141379271108833 0.3045358455612078 0.19927571152473378 0.10541135751626428
0.23226663869608488 0.3804967193251359 0.1081574650919818 0.05681953357260004
0.3161796947586806 0.7390745209019974 0.5145474417557815 0.4472182385643301
1.1357834996421214 1.062179459590924 1.1916243577415528 1.169384898385444
-0.04710408241952248 -0.11980202130545538 0.03956408876083512 0.09701739234404895
0.21440124265262508 0.16683090613053922 0.20609382808382853 0.41844953093664017
0.05527163676422538 0.12634399452932862 -0.04272085543201953 0.290577421832083
0.16932754107151518 0.0018205612959019944 -0.01729156115587651 0.21372153500294552
0.09309586068479367 0.01819911305712693 0.047903897973269466 -0.03820585895592972
-0.029382251093427278 0.25692355064926325 0.39763560847004986 0.3546710481601734
0.22354491818840092 0.09345694841229045 -0.10767475103282706 -0.16247976549661594
0.08682163402079508 0.1986834132401034 0.047203990029764734 0.1799530112483517
0.031917593140201456 0.12516643716596265 -0.22958925874664518 0.058955454586576576
-0.0978224889186317 -0.0983208807086318 -0.029622071165264573 0.002668124913364972
0.4186357204805317 0.1533657082095687 0.16532541309386256 0.06221572510407124
-0.016691507100798968 -0.12745626865091594 -0.016980914097551193 -0.03296273565735602
0.9477509515263284 0.9905202647076928 0.9644020368259906 1.0002141993075984
0.1601994830573776 0.182210924635746 0.08495914555698257 -0.022987586521412605
0.008771216890298746 -0.0822141791436332 0.2710424261143634 -0.04063843077520062
0.17593152264020478 -0.16420092214955412 -0.27052144756202545 0.05365387230464701
1.141030616526223 1.0798030345283174 1.1286023687423155 1.2380158814818945
0.33793362547677425 -0.021608649688112776 0.18369696611475755 -0.25371470180647876
1.088582520241187 1.4011331851552344 1.432413984712295 1.3849003935910542
2.500363188025054 2.1270617883616696 2.352537436997082 2.3481183686207414
0.021776497836652094 0.020785405344815884 0.05267628348301181 -0.06207703934047188
0.3357377353713094 0.2919497158412007 0.03307219532862264 0.3155323508969117
0.15255678681305726 -0.02724553813725844 -0.11802727443955105 -0.0660532950362855
0.24841188581556461 0.024407807235468443 -0.16413926559450112 0.16996662771730686
-0.2493070831179448 -0.020217983516890355 0.1622963154544036 -0.2509777584361622
0.17013614045149258 -0.06792573248494908 -0.033973607682972334 -0.0935225828360725
0.058621656530189394 -0.09797120815552678 0.09753164311776609 0.14707076802879374
0.0699527954351306 0.08010649791854152 0.03880048656242292 -0.0317571303531125
-0.16549445832686452 -0.3426827046145001 0.1865541162819269 -0.03756188947091609
0.5025249177060578 0.3944186815733197 0.6752860786655254 0.28200161029067145
1.0524117645187283 0.9779178570201861 0.7980450239129709 0.747475924249576
0.2622836460031082 0.5055725038322181 0.7550640795186936 0.5643186223226383
0.26983259849713903 -0.11970072727872554 -0.07493851251698574 0.010912265684686942
0.19764676079200377 0.1861128394255085 0.09714460402858584 0.024442020058191596
0.025366284668765005 0.009532710399525655 -0.4468291678965902 -0.04349913207117442
0.14998180494534885 0.2014053360789551 0.4327005754384953 0.5110790305097347
1.5934060374595003 1.508951037375064 1.7316751429120851 1.48869329726203
-0.06469835438152388 -0.024578057724686186 0.12623585971027043 -0.04740887857595328
0.1408399475224643 -0.15417345213106654 -0.03202494982856184 0.14274655038120018
0.2957596629649627 -0.007213302770032496 0.18526757490834278 -0.10670229738660972
0.7449456722163988 0.820322879522897 0.656779749416403 0.721586129461987
0.5220123230665259 0.6262766151060518 0.321685111986435 0.5447731737927043
0.10864976020037152 -0.09695578167516068 -0.06123836900627482 0.04372039687768667
-0.019368478091856465 -0.10229756258563762 0.11643498472545957 0.1474160475500285
0.6350860547311137 0.7576810232283694 0.5590733910143928 0.6430412043638681
0.11388168181349359 0.14217947006607298 0.07558702795825113 0.13536897714128213
0.11942297423500149 0.37262395109524277 0.06039346119395332 -0.2288733352278166
-0.19626757544072962 0.0005263507679276749 0.06723988271632901 -0.0824794008664285
0.3106286771255588 -0.020475660757060945 -0.060441929414668374 0.01936645149010926
0.0003954179599130066 -0.030170956461847646 -0.3126764633764174 0.20941294316899092
0.988343317425336 1.03717888469966 1.2381379451702894 1.0290051828223146
0.7387022086266684 0.6515581516527424 0.24147304443463974 0.6813766449938875
1.8182447862649662 1.8327568773025333 1.558866509139105 1.7224007478167627
0.3282810227969562 0.27587448025695765 0.25039686939806993 0.07088113494762543
1.136488974809182 1.2073871780508603 1.2326230663332496 1.0608416841361623
0.028970843741854716 -0.20063188036800675 -0.24600116424214205 0.026316385235510237
0.32868813468864133 0.1475041958142535 0.022179002888229354 -0.17223035034255846
0.19993185253372373 -0.024770807547486482 -0.1660737008980735 0.09049984817940013
-0.003909601971110297 0.062062649370853616 -0.0716814279410935 0.045796223515336694
