0.2299989952645207 0.30233609734257233 0.4025047700637473 0.5699594780059517
0.31354202856789204 0.30420970064451425 0.19963176492280993 0.1056415796286109
0.23097763129681698 0.3798207371563166 0.1082569816826523 0.05671071279184115
0.31326505261891774 0.7375734814290043 0.5147542263276216 0.44681149588851704
1.127176952818552 1.0581244054462833 1.1919799122860608 1.168386080928275
-0.04799525284417646 -0.12020858779433385 0.03939395394613373 0.09675820231662732
0.21363397035696874 0.16622381594807586 0.2062170791182883 0.4183473157990668
0.05485069437051336 0.12609791039112447 -0.042591138819690226 0.2906232565478616
0.1693275410715038 0.001820561295901825 -0.017291561155879567 0.21372153500297233
0.09194251412671642 0.017908424372450316 0.047861505255638544 -0.03826323878210503
-0.03154524347144258 0.2562903365973748 0.39764475247344727 0.35444360046113094
0.2235449181883923 0.09345694841229177 -0.10767475103281429 -0.16247976549658968
0.08641195230705226 0.1983271296266696 0.04713126869061036 0.179773969348851
0.031598977214946866 0.12487350038653179 -0.2297568578529833 0.058667487442285365
-0.0978224889186182 -0.09832088070862297 -0.029622071165266342 0.002668124913364964
0.41679048246408584 0.1525745733240885 0.1653192773536106 0.062045026292278205
-0.01699118343820561 -0.12766015119278806 -0.016960643924300495 -0.03310600439448582
0.9414708305701752 0.9873160547775237 0.9647981714968751 0.9995924890328908
0.16019948305738535 0.18221092463573105 0.08495914555697169 -0.022987586521411637
0.008771216890299414 -0.08221417914363446 0.2710424261143926 -0.04063843077519929
0.17593152264018516 -0.1642009221495681 -0.2705214475620385 0.0536538723046424
1.1330191880105682 1.075875549937514 1.1290578806800744 1.2371621210580812
0.3379336254768214 -0.0216086496881134 0.1836969661147407 -0.25371470180648975
1.0794934823147095 1.396800812558286 1.4330905741997808 1.3839891006127272
2.4824262317108956 2.1185264866754645 2.353583625367485 2.346297522911139
0.021431342562756254 0.020776445966820763 0.052718255428825744 -0.06208420860483823
0.33573774602322726 0.29194971578799245 0.03307219571037123 0.3155323545932754
0.1525567868130433 -0.027245538137260817 -0.11802727443955402 -0.06605329503629041
0.2468345472890111 0.023664880711255158 -0.16430484802973508 0.16963395741302922
-0.24930708311794703 -0.02021798351689063 0.16229631545437703 -0.2509777584362158
0.17012558262442387 -0.0679297764699111 -0.033972812648029975 -0.0935292975029298
0.058551121096469184 -0.09813031368042562 0.09752765712389395 0.14702729874680293
0.06995279543513942 0.08010649791854305 0.03880048656242429 -0.031757130353107066
-0.16549445832687842 -0.3426827046144884 0.18655411628191995 -0.03756188947091549
0.4987631165812945 0.3927028016775727 0.6755115487049432 0.28167704747232664
1.0461250414251178 0.9747920045592623 0.7984646548416637 0.7467531253229701
0.25927311252884094 0.5040077898804158 0.7553318008529621 0.5639386165487572
0.26983259849713814 -0.11970072727873055 -0.07493851251699067 0.010912265684686989
0.19519028129148142 0.18520837408546278 0.09713216799797975 0.024163677209955468
0.02536628466876486 0.009532710399524386 -0.44682916789659477 -0.043499132071172335
0.14687876243586728 0.20044291659739047 0.4328925367026521 0.5108987807319857
1.5822036211644366 1.503622251615373 1.7325962979807206 1.487719784284927
-0.06469835438151905 -0.024578057724688646 0.12623585971026352 -0.04740887857595725
0.1408399475224391 -0.15417345213104827 -0.03202494982856501 0.142746550381198
0.2934131179614352 -0.008069113182743816 0.18521892083843214 -0.10693753320893937
0.7418386781463869 0.8185308127591301 0.6574235483361425 0.7214675261057016
0.5175123168325036 0.6242402618902054 0.32186034747035286 0.5442062757252103
0.10864976020037018 -0.09695578167517167 -0.06123836900627852 0.043720396877684024
-0.019368478091858262 -0.1022975625856389 0.11643498472545939 0.14741604755004453
0.6295155800580371 0.7552807734679772 0.5593462191876218 0.6425260349737664
0.1137618020821188 0.14226993373331434 0.07598952710226052 0.13581721900780555
0.11942297423501297 0.3726239510952464 0.06039346119395336 -0.2288733352277942
-0.19626757770559017 0.0005263507679292376 0.06723988262446044 -0.08247940086649051
0.3091350373345554 -0.021176115207769172 -0.06044218372317316 0.01917927359289177
0.0003954179599130022 -0.030170956461844967 -0.31267646337643196 0.2094129431689932
0.9812838859233662 1.0338206906293328 1.238912919516901 1.0285620217404654
0.734085972910589 0.6493765160146171 0.24182443212824598 0.6810650238765177
1.805920976953707 1.8268247080730506 1.5598468389191185 1.721249989062914
0.3259384195333569 0.2749852965961214 0.2504129127128163 0.07069720650705025
1.1283083778562064 1.203496523295567 1.2331438004486142 1.0600113807531637
0.028972369081030933 -0.20063237540625017 -0.24600253471702008 0.026315417949450755
0.3286736831243619 0.14749862985853068 0.02218163573330885 -0.17224095579744958
0.19993185253371054 -0.024770807547485806 -0.16607370089806436 0.09049984817940246
-0.003909601971109749 0.06206264937085379 -0.0716814279410962 0.045796223515342335
