-0.05509585850937962 0.200128138849511 0.21101017876145195 -0.15223614660210305
-0.04267614186759606 -0.1992361276252858 -0.05138556784635664 0.14969926177184323
0.13494274571839446 0.3615874191988209 0.384192939189819 0.005232094012236636
-0.09274717584907195 -0.1215003600962638 -0.16168111286013237 0.015901303046738608
-0.12132892692293777 0.16852121985466595 0.04271412512539015 -0.49142270569766794
-0.020414972106267915 0.1944199866480766 -0.02106601999515354 0.28319898756435286
-0.01604963434646484 -0.01519468346298034 -0.05935022823072867 0.01478660380308552
0.15681147110404287 -0.06739529083026556 -0.03944566871894891 -0.21146104250809916
-0.06729381752105137 0.11815423356220917 0.012410366503231633 -0.16119023152166329
-0.16439608198902042 -0.024704476535796438 -0.22583432209649926 0.18444855463554738
0.05316255782899288 0.3830740365963823 0.07146365077341034 -0.045047972451750275
0.47297796677505766 0.11101595003471505 0.48233866291306693 0.304589169226934
-0.17360559919034288 0.24679685165661458 -0.2280543879011981 0.041017960895799455
-0.07435214213967035 -0.3040303810545364 0.11367115716707635 0.21237129007346928
0.785298552895799 0.816586095727088 0.8544060955114211 0.5054330533185988
0.5331278097240297 0.7366533398626881 0.6112711257418815 0.20887103051584957
0.2213891749888159 0.31026729158192046 0.016615928771293923 -0.06374737506069175
0.34256118894435517 0.6069844852008629 0.35133391461151475 0.546150092544098
-0.050767165715584026 -0.09292404809032517 -0.04959318698866637 -0.0325507971625226
0.1266932245283296 0.09188295630185428 0.02291130454845419 0.29678076175211643
-0.3754406378213598 -0.008901772630703832 0.09459227610534272 -0.028598451060506257
-0.02982885583350177 -0.3735875062766782 -0.3765658645719659 0.04802116999820519
1.222810928477143 1.0298472725473655 1.4318944365942936 1.5615619373633138
0.1465573765827512 0.20513376390140692 0.17331588057700145 -0.0619294191628435
0.26579773667393847 0.13023370878780974 0.11044529257593014 0.07648177874218155
0.19566146223853437 -0.026600448101780836 -0.021361068258657686 -0.1942470072700625
-0.04800351391794348 0.12262143297965 0.28559438354727307 -0.18870059501516662
0.2733370470672428 -0.08598588076247744 -0.10525259704129054 -0.010885431627631326
0.3716561724653133 0.0784271033177098 0.4099698693247983 0.7807708677165625
-0.15709361886889586 0.1512927852812707 0.0762266172946716 4.594591646328506e-06
0.346742703880852 0.5344598451746407 0.41419696109309223 0.4295419424822285
-0.18551857734181795 0.036700585020385576 -0.06071866872594481 0.15420932257595787
-0.002904183546073959 -0.1542266589499253 0.1284868028387138 0.1440087300434096
0.08414753990592236 0.20582386971295927 -0.48313091215968507 0.12275617735019648
0.7598481704806959 0.8163042898166485 0.7981563486712607 0.830250337228738
-0.1578055753825482 0.10104896591715423 0.1364448779028825 0.07952542027392641
0.04418139911749008 -0.09305564792866267 -0.12864861757756757 -0.02638883712420896
0.10664704026856223 -0.3243057488326981 0.07787589811849303 0.44642671160433794
-0.21582386467004638 -0.09785425968456864 -0.12227675266656807 -0.00881833157270768
0.5864951104601607 0.7396756092595744 0.6673447259448124 0.47565474810918534
-0.13361704460695395 0.18243878117568735 -0.11096743592287411 0.1264570936398258
0.7259623340339729 0.8093195745989379 0.6990060561134791 0.7470243996504375
0.1284318121647347 -0.12317892829144121 -0.010505653248593037 0.03451687774066185
-0.15878937261478993 -0.3379600566400418 -0.1626822381029928 -0.2965799987338799
0.6143056088847216 0.8253539906148009 0.5007765277788112 0.7157875158607807
0.08225476380384351 0.15863599441687803 0.31106534099991506 0.2009789942658087
-0.022272410355797752 -0.1862597175744453 -0.08456139454214427 -0.06307732664713209
0.011356440485012335 0.14434153004818642 0.029700078331852182 -0.10057721051577745
0.06774870593286594 0.2843798579802172 -0.08751753572612449 0.0622451101571886
-0.06058967349730239 -0.2212832289656389 0.10568251998716736 -0.2122335526400112
0.3029318219827777 0.3319112180101934 0.2840337853405547 0.2568924060887852
0.21933654831795088 -0.05898142173184392 0.02193530613148637 -0.10971830003465846
-0.12748331737121374 -0.5037537336331377 -0.04226147130028808 0.07224623699275909
0.11423773967099239 0.009682055378369006 0.24005743722537715 -0.28180536565752295
0.7859800598583788 1.0019656272984387 0.5763043832103096 0.5657389753101256
0.1967639362538846 0.20616899460046229 -0.22637689866616237 -0.09884040624823473
0.2021004317535501 0.32131318830971306 0.4097722665049323 0.12623332450915167
0.12557431177537 0.0577131276214232 0.07141466350354309 0.04240701795304085
0.03117235117192276 0.05485347611496373 0.004306487176810962 0.2920747152558945
-0.19137083756540657 -0.18368410238420751 -0.08945568093338939 -0.21235531985766906
0.7043983815482517 0.3990635205749819 0.6345888650805708 0.5672596208658679
-0.2518290914949538 0.21920155112975487 -0.04349989060342621 0.10300278665198757
1.0118481194585658 0.5275659074701056 0.5090276833825712 0.6100796186450145
0.36521861706768766 0.35769297129667416 0.443593741487117 0.39304651466801754
