-83.5
-66.5
-85.5
-85.5
-82.0
-88.0
-81.5
-86.5
-88.0
-88.0
-76.0
-88.5
-43.0
-87.5
-87.5
-87.0
-82.0
-86.0
-89.0
-82.5
-88.0
-87.0
-88.5
-86.0
-85.5
-87.0
-89.0
-81.0
-74.5
-72.0
-89.5
-87.0
-87.5
-85.5
-83.5
-85.5
-83.5
-77.0
-89.0
-82.5
-82.0
-86.0
-77.5
-70.5
-88.0
-86.5
-81.5
-76.5
-80.5
-78.5
-73.0
-89.0
-78.5
-81.0
-79.5
-89.0
-71.0
-84.0
-81.0
-85.0
-88.0
-87.5
-84.5
-87.5
-85.5
-83.5
-85.5
-86.0
-86.0
-52.0
-79.5
-79.0
-84.5
-76.0
-84.5
-87.0
-87.0
-87.5
-84.0
-86.5
-86.5
-79.5
-88.5
-86.5
-72.5
-86.0
-89.0
-88.0
-81.5
-87.5
-88.5
-80.5
-77.0
-87.5
-84.0
-65.5
-87.5
-87.5
-80.5
-85.0
-57.0
-88.0
-86.0
-88.5
-86.5
-82.5
-87.0
-88.0
-78.5
-82.5
-89.0
-89.0
-83.0
-86.0
-86.0
-55.5
-88.5
-79.5
-88.5
-86.0
-84.0
-60.5
-87.0
-87.5
-84.5
-88.5
-87.5
-87.0
-88.5
-83.0
-88.0
-87.0
-87.0
-82.0
-89.5
-87.0
-82.5
-87.0
-84.0
-87.5
-87.5
-67.5
-71.5
-79.5
-81.0
-84.0
-81.0
-88.5
-86.5
-86.5
-86.0
-89.0
-84.5
-84.0
-88.0
-74.0
-84.0
-88.0
-88.0
-85.5
-80.5
-76.0
-86.0
-79.0
-63.0
-85.5
-85.5
-88.5
-87.5
-85.0
-75.5
-46.0
-84.0
-86.5
-87.5
-88.5
-89.0
-87.0
-81.0
-84.0
-87.0
-87.5
-88.5
-80.5
-66.5
-77.5
-87.0
-87.5
-73.5
-86.5
-86.5
-84.5
-79.5
-88.0
-86.0
-86.0
-85.5
-80.5
-86.0
-85.5
-87.5
-65.0
-80.0
-88.0
-36.0
-88.0
-83.0
-86.5
-84.0
-86.5
-87.5
-82.0
-72.0
-63.5
-79.5
-77.0
-84.0
-88.5
-87.0
-78.0
-69.0
-89.0
-79.0
-77.5
-84.0
-83.0
-86.5
-75.5
-87.5
-78.0
-86.0
-88.0
-82.5
-82.5
-83.5
-84.5
-84.0
-83.5
-77.0
-81.5
-88.0
-85.0
-81.5
-86.5
-84.5
-87.5
-71.5
-79.5
-86.5
-84.5
-65.5
-84.0
-74.5
-81.0
-74.5
-86.5
-83.5
-85.5
-76.0
-87.5
-82.5
-56.0
-60.0
-67.5
-89.0
-67.5
-74.0
-88.0
-85.5
-72.0
-87.0
-88.5
-73.5
-86.0
-88.0
-82.0
-84.5
-73.5
-88.0
-84.5
-86.0
-74.0
-90.0
-82.0
-71.5
-85.0
-81.0
-83.0
-87.0
-84.5
-79.0
-75.0
-68.5
-64.0
-81.5
-74.0
-74.0
-68.0
-88.0
-89.0
-60.0
-87.0
-84.5
-69.5
-61.0
-71.0
-86.5
-87.5
-77.0
-76.5
-88.0
-87.0
-83.0
-75.5
-78.5
-85.5
-23.0
-55.5
-81.5
-84.0
-84.5
-85.5
-60.5
-87.0
-62.0
-87.5
-78.5
-83.5
-84.0
-89.0
-81.5
-89.0
-67.0
-87.5
-80.5
-79.5
-63.0
-88.5
-53.5
-77.5
-69.5
-83.0
-87.0
-50.0
-86.5
-69.5
-85.0
-86.0
-87.0
-75.0
-80.0
-64.5
-87.5
-81.0
-63.5
-88.5
-66.0
-80.5
-71.0
-87.0
-85.0
-84.0
-76.0
-84.5
-88.0
-78.0
-80.5
-85.5
-62.5
-47.5
-73.5
-71.0
-78.5
-76.5
-57.5
-73.0
-59.0
-74.5
-89.0
-86.0
-70.5
-87.5
-59.0
-84.5
-82.5
-49.5
-44.5
-80.5
-84.5
-89.0
-49.5
-84.0
-86.5
-80.5
-87.0
-78.5
-71.5
-72.5
-83.0
-34.0
-85.0
-65.0
-71.5
-58.5
-65.5
-40.5
-35.5
-82.5
-73.0
-79.0
-77.0
-58.5
-80.0
-78.0
-45.5
-81.0
-58.5
-85.5
-48.5
-44.5
-80.5
-80.5
-56.0
-81.0
-76.5
-81.5
-79.0
-78.0
-84.0
-79.5
-73.0
-55.5
-86.0
-89.5
-71.0
-87.5
-78.5
-77.0
-75.5
-77.0
-44.5
-74.5
-88.0
-72.0
-69.5
-84.5
-85.5
-64.5
-77.5
-59.0
-39.0
-56.0
-87.0
-78.5
-63.5
-58.0
-72.0
-84.0
-71.0
-64.0
-76.0
-68.5
-77.5
-56.0
-61.0
-55.0
-79.5
-76.5
-79.5
-83.5
-87.0
-62.0
-24.0
-57.5
-82.0
-73.5
-83.5
-85.5
-77.0
-62.0
-78.5
-78.5
-69.5
-68.5
-73.0
-63.0
-87.5
-88.5
-60.5
-54.0
-76.5
-76.0
-85.0
-70.5
-83.0
-88.5
-76.5
-85.0
-83.5
-83.0
-83.5
-62.0
-68.5
-84.0
-73.0
-64.0
-87.5
-36.5
-82.0
-75.0
-76.0
-72.5
-70.5
-85.0
-85.5
-63.0
-82.0
-63.5
-84.0
-79.5
-55.5
-78.0
-87.0
-36.5
-86.5
-75.5
-65.0
-88.5
-71.5
-84.0
-29.0
-88.0
-84.5
-80.0
-85.0
-71.5
-89.5
-73.5
-81.5
-32.5
-71.0
-86.5
-90.0
-82.0
-87.5
-85.0
-88.5
-75.5
-54.0
-55.5
-87.0
-82.5
-82.5
-76.0
-79.5
-57.0
-86.5
-80.0
-84.5
-66.5
-86.5
-76.5
-85.0
-76.0
-71.0
-84.5
-75.0
-78.0
-69.0
-80.5
-80.0
-84.0
-83.5
-69.0
-74.0
-73.5
-83.0
-80.5
-85.5
-85.5
-67.0
-72.5
-79.5
-85.0
-76.5
-79.0
-75.0
-83.5
-87.0
-77.5
-86.0
-54.0
-67.5
-80.5
-88.0
-11.0
-86.5
-86.5
-69.5
-59.0
-89.5
-74.0
-88.5
-86.5
-83.5
-83.5
-86.0
-81.0
-82.5
-79.5
-64.5
-87.5
-84.0
-74.5
-83.0
-79.0
-81.0
-71.0
-77.0
-78.5
-71.5
-85.0
-40.0
-84.0
-69.0
-58.5
-81.5
-80.0
-82.0
-85.5
-71.5
-87.5
-70.5
-82.0
-82.5
-86.0
-47.0
-43.5
-84.0
-63.0
-83.5
-86.0
-85.0
-43.5
-19.0
-72.5
-84.5
-85.5
-74.5
-89.0
-87.0
-82.5
-73.5
-75.5
-85.5
-85.5
-87.0
-66.5
-87.5
-87.0
-18.5
-82.0
-86.0
-78.0
-64.5
-72.0
-70.0
-49.0
-76.5
-72.5
-69.5
-74.0
-70.0
-88.5
-87.0
-65.0
-81.0
-87.0
-69.5
-87.5
-89.0
-84.5
-71.0
-54.5
-81.0
-68.0
-58.0
-79.5
-85.5
-79.0
-77.0
-84.0
-67.5
-55.5
-43.5
-81.5
-76.5
-84.0
-47.5
-83.0
-81.5
-74.5
-83.0
-88.5
-53.5
-79.5
-73.0
-82.0
-86.5
-87.5
-87.5
-81.5
-88.5
-83.0
-81.0
-74.5
-67.5
-79.5
-85.0
-82.5
-85.5
-84.0
-76.0
-81.0
-28.5
-62.0
-57.0
-73.0
-62.0
-77.5
-71.0
-83.5
-63.0
-85.0
-75.5
-80.0
-30.5
-66.5
-73.5
-78.5
-73.5
-82.0
-59.0
-76.5
-83.5
-79.0
-81.5
-80.5
-76.0
-84.0
-79.0
-81.5
-80.0
-79.0
-86.5
-74.5
-48.0
-55.5
-79.5
-72.0
-84.5
-84.0
-56.0
-67.5
-76.0
-72.0
-83.5
-71.5
-74.5
-80.5
-87.0
-70.0
-51.0
-90.0
-66.5
-86.0
-77.5
-87.5
-75.0
-63.0
-74.0
-55.5
-83.5
-74.5
-80.0
-87.5
-64.5
-81.0
-85.0
-79.0
-57.0
-77.5
-79.5
-37.0
-83.5
-74.5
-73.5
-88.0
-49.0
-57.0
-88.0
-78.5
-75.5
-70.0
-80.0
-69.5
-81.0
-87.0
-58.5
-79.5
-72.5
-78.0
-84.5
-72.5
-85.5
-84.5
-68.5
-87.0
-71.5
-87.5
-77.0
-84.0
-64.5
-88.5
-76.0
-78.0
-86.0
-86.0
-77.0
-84.5
-85.5
-60.5
-87.5
-83.0
-80.5
-71.0
-81.5
-82.0
-57.5
-83.5
-86.0
-84.0
-73.0
-86.5
-59.5
-88.0
-58.0
-79.0
-77.5
-75.0
-83.0
-77.5
-87.5
-87.0
-45.0
-80.0
-64.5
-81.5
-75.5
-83.0
-62.5
-84.0
-82.0
-80.5
-62.5
-88.5
-81.5
-53.5
-85.0
-86.0
-55.0
-82.5
-85.5
-86.0
-83.5
-85.0
-65.0
-78.0
-83.0
-69.0
-86.5
-85.5
-70.0
-77.5
-83.0
-81.0
-84.5
-89.5
-69.5
-87.0
-70.0
-59.5
-83.5
-86.0
-68.0
-80.0
-71.5
-82.5
-83.5
-73.0
-85.0
-46.5
-80.5
-85.0
-39.0
-81.0
-83.0
-29.0
-85.0
-74.0
-89.5
-57.5
-89.5
-51.0
-82.5
-84.5
-80.5
-70.0
-71.0
-87.5
-62.5
-83.0
-56.0
-86.0
-58.5
-75.0
-67.5
-50.0
-65.0
-86.5
-86.0
-81.0
-62.0
-58.5
-79.5
-64.0
-83.0
-88.0
-76.5
-81.5
-88.0
-86.0
-88.5
-89.5
-45.5
-87.0
-79.5
-81.5
-43.5
-55.5
-74.0
-83.0
-54.5
-83.5
-36.0
-88.5
-59.5
-53.5
-21.0
-81.5
-89.0
-69.5
-69.0
-87.0
-69.5
-87.5
-86.5
-53.5
-88.0
-72.0
-87.0
-82.5
-83.0
-68.5
-72.5
-83.0
-82.0
-77.0
-49.0
-78.0
-48.5
-57.5
-50.5
-65.5
-72.0
-63.0
-48.5
-72.5
-79.0
-85.0
-85.5
-67.5
-80.5
-62.5
-49.5
-67.5
-72.0
-85.0
-66.0
-70.5
