-0.05509585850938312 0.20012813884952277 0.21101017876147524 -0.15223614660207763
-0.04267614186759593 -0.199236127634774 -0.051385567846797243 0.14969926177165574
0.13378649548505514 0.3639893319567646 0.38200587249243456 0.00499687820578822
-0.09274717584906854 -0.12150036009627568 -0.16168111286012074 0.01590130304674092
-0.12132892692293801 0.16852121985468077 0.042714125125384965 -0.4914227056977134
-0.020604640105358975 0.1963285390196038 -0.022023651479087636 0.2830925552345909
-0.016046684722673024 -0.015193751833382027 -0.05935162311726146 0.014786634675683249
0.15681147110403734 -0.0673952908302674 -0.03944566871895076 -0.21146104250811795
-0.06718052788432718 0.11818508263725126 0.01238020532612826 -0.1611302508061631
-0.164396081988996 -0.02470447653579557 -0.22583432209648238 0.18444855463554938
0.052858852287718375 0.3821054615326894 0.07034316868554874 -0.04517620382991886
0.4707404503871312 0.11829942933947762 0.47980049945855013 0.3038647403826218
-0.17370388962680902 0.24675129976979335 -0.22801792572818202 0.04102160403689578
-0.07437084631236149 -0.303735676799828 0.11366745177086912 0.21242011442940484
0.7801875641363654 0.8291131677274457 0.8504771426113412 0.5041534042374105
0.5300569261198428 0.7450076541395918 0.608869858797082 0.2074069469411381
0.2213873364363978 0.31026952692796606 0.016613326481380395 -0.06374829959255456
0.3400346995846479 0.6139103588709655 0.3483225924339527 0.5449034606887909
-0.05076716571558375 -0.09292404809033836 -0.04959318698866465 -0.03255079716252617
0.12655326600542033 0.09396314218834376 0.021973211915678213 0.2966171784792316
-0.3749642924984121 -0.008157167168501333 0.09454264596852133 -0.028534606027369923
-0.029828855833498636 -0.3735875062767232 -0.3765658645719923 0.04802116999820869
1.2153908291334292 1.0515372298250762 1.4246650602684066 1.5589514480680369
0.14548562834199372 0.20857122034046324 0.17295316721484658 -0.062067987917019764
0.2657977366739836 0.1302337087877996 0.11044529257594321 0.0764817787421781
0.19520431538851413 -0.025969095616331647 -0.021841017226218954 -0.19420708580524693
-0.047941447775804114 0.12262786826470169 0.28521574764126 -0.18890944622082145
0.2732285365192313 -0.08513339925981661 -0.10529331803126496 -0.010542479233762139
0.36864651489421224 0.08597776964883923 0.40790481883599977 0.7798950507800596
-0.15686513023400372 0.15138657282384477 0.07640399964814687 0.00043562605654357597
0.3434878718149772 0.5420478219639888 0.4112904633217446 0.4285078454388227
-0.184984675365752 0.03672704159989427 -0.0607226612864265 0.1545467022803528
-0.003266979809986304 -0.15340110777589772 0.12839465969812128 0.14390468634228473
0.08414753953081248 0.20582379281345958 -0.48313093572433197 0.12275617165438361
0.7552226087023144 0.8300569239765895 0.7933321800974878 0.8285975781692265
-0.15793049903164783 0.10145574560494049 0.136541397187133 0.07929610685156577
0.0441709833123156 -0.0930568177466995 -0.1286492729773891 -0.026381445282306914
0.10632002200335922 -0.32249753941746745 0.0772421816077338 0.4464891213240974
-0.216166951416046 -0.09712146608429932 -0.12272185699998989 -0.008600137999828266
0.5832539237863315 0.7494430719100251 0.6635071164211047 0.47451209694111296
-0.13363458752811902 0.1823191982430358 -0.11096181985685803 0.12650079085033197
0.7217038329508944 0.8215155246208982 0.6942428128635824 0.7454906932493135
0.12843181216472255 -0.12317892827921056 -0.010505653248592426 0.0345168777406597
-0.15878937261480636 -0.33796005664007944 -0.1626822381029651 -0.2965799987338644
0.6102528261287172 0.8358962271108261 0.49657756213752874 0.7142710487950422
0.08099880136589885 0.16250955343428378 0.31087675278125876 0.20089724201481282
-0.022272410355796465 -0.18625971757442447 -0.0845613945421527 -0.06307732664714148
0.01135644048501273 0.1443415300482058 0.029700078331850222 -0.10057721051578279
0.06774833995401583 0.2843797185074342 -0.08751656333288604 0.062244904863122376
-0.060588494712631134 -0.22128501324747332 0.1056837086558348 -0.21223507229772226
0.30059152150964663 0.337133013734576 0.2828936917729949 0.25638187006374946
0.21933654831794694 -0.05898142173184692 0.021935306131483697 -0.10971830003466537
-0.12748096463602324 -0.5037533152354391 -0.042258342844816096 0.07224707521408362
0.11423773967100109 0.009682055378369856 0.2400574372253964 -0.2818053656575556
0.7818611674820716 1.0130022203756384 0.5723721905261775 0.5644257140365778
0.1967639362538824 0.20616898944620274 -0.22637689866618327 -0.0988404062482253
0.20034603647888236 0.32502847970545445 0.40790085691804 0.1269018639858022
0.12557431177535872 0.05771312762141776 0.07141466350354253 0.042407017953039576
0.031173714286361325 0.05485865957940306 0.004306360422259965 0.29207489493709277
-0.19141692632844 -0.18369117054502399 -0.08947146852907177 -0.21234466530641086
0.7012319064812412 0.4096074172635455 0.6314010635215872 0.5667576812937507
-0.25180641985822744 0.21922179538543338 -0.04350879723240164 0.1030452946361994
1.0078259542881283 0.5394939050077507 0.5060729509252352 0.6086819357552945
0.36226242901776656 0.3654960845627287 0.44194775754128873 0.39288773765983065
