-0.04877260534753447 0.19394172730639775 0.20565137435802555 -0.1521076648009674
-0.04066379891708082 -0.18919253971489292 -0.04279090517335508 0.14638217317036728
0.21316075225566772 1.222606738747005 0.7984068295389041 0.722473298452256
-0.09238896327219905 -0.1164610655015996 -0.16318642404960576 0.021708206602695925
-0.09880026053622787 0.1786902828450706 0.02865333205877032 -0.5129629643820105
0.48792570267579877 0.6271259060779677 0.3357058706858077 0.609184536916464
-0.005542805317682245 -0.01276616224954238 -0.06400889669325063 0.017773777502170532
0.15677957068050777 -0.05844109511872423 -0.04915323752925453 -0.19322708990669576
-0.05502439349015873 0.12296487679198387 0.0871759092412996 -0.15081570235035244
-0.16833280829495129 -0.027754022133388425 -0.22450273241791177 0.18193752385446102
-0.3216130480279481 1.1693496833273302 -0.11491401020552319 0.18972722649814486
1.3744979452716972 0.2704904328995933 1.352405357800313 1.1167111627231834
-0.14670341054865965 0.3459725968999915 -0.22975324321225662 0.02069764894276764
-0.08207475811700539 -0.28048753400404347 0.11368720056656086 0.24247842649444068
2.537702115890512 2.111673847856053 2.577943431620286 1.8651391711029677
1.2937979829108155 2.513376858841294 1.561662020233095 1.3614729442368263
0.28649683200454457 0.2911988465888814 0.0507869239112468 -0.1563248373923827
1.1454510792827288 2.028859287931599 1.4201610658557076 2.1118962959364294
-0.07299848517758788 0.019112652604258408 -0.08053894280364979 -0.00197729423208079
0.5708785795908683 0.6000244842700184 0.422845230043002 0.4331658093801477
-0.4972891569090145 -0.16170624161856018 0.1276332267023531 0.015919155543680726
-0.03572850051080474 -0.38404643605432226 -0.38670238610967483 0.06130000028683226
4.4185449228327895 3.899079669752727 4.5873514549137955 4.90547139583453
0.31407674037615957 0.28842165526693375 0.46486001151962425 0.07669119284507889
0.25439497633902663 -0.021979561413544332 0.08147534728805331 -0.019827878734884504
0.24177973103397207 -0.09702461038726984 -0.010465874258384534 -0.17260688312859673
-0.047424773917030906 0.36005235585567863 0.41105755225263435 -0.32061409822461745
0.23255090506241077 -0.03989058902573909 -0.03157727383054517 -0.03954215846015452
1.6341294903867352 0.5477489057520284 1.517469870404923 2.011441305189388
-0.3995968873532525 0.5584629379320092 0.012753990926240211 0.0867255654858356
0.9161129089983049 2.0798567485730124 1.177779698208399 1.6147458110005615
-0.42207337595620564 0.5212044799546307 -0.10881485679940761 0.514367720273654
0.010127747367265313 0.03617101408211335 0.21475400523900676 0.4562323852177395
0.14418566606100347 0.24567873307961904 -0.4222900844365803 0.0798236924013786
2.6404750248627114 2.7535673816614934 2.7411229596853297 2.748625889634183
-0.0700257039996601 0.049908452857053635 0.15066694806113382 0.12061294103633255
0.024240466690250383 -0.03712126507004609 -0.14655339099006445 -0.039630013333733144
0.20916924926524252 -0.2571446219841335 0.3098871702607316 1.1200681531683243
-0.44446313115150904 0.25919471349988177 -0.14762826864281411 0.4972084790691718
1.9887039412941732 2.3259346016303293 2.1317976235235885 1.7423954654137292
-0.30042818162323137 0.5112918115212889 -0.12791724165697688 0.11126707340738508
2.4797786088814786 2.6719817898168827 2.4446960715211814 2.314248256687289
0.1358927476753771 -0.09335245051862032 -0.00780891036590869 0.05337146594826724
-0.16273943330113733 -0.3371812228854533 -0.1771619794415697 -0.2848437725488973
2.2236271088050037 2.396034388547978 2.1396434864538816 2.3984797062111802
0.6829785447046642 0.255223651962917 0.824590612157137 0.6555982657747068
-0.017073530581174244 -0.18625451538035184 -0.08085221466892922 -0.06396176194452358
-0.047548019193187706 0.2938131010477404 -0.0013190285790219878 -0.14499226096078208
0.0763915642604839 0.21928788489414908 -0.08067050813219433 0.005569498993535086
-0.07688216750150775 -0.22788791954263363 0.1079033190133747 -0.21245596323212163
1.071450336204714 0.9299865227058118 1.0007166589115581 0.9411597125779898
0.28808732850892776 0.06870969822469246 0.0860455373953838 -0.22279555156218933
-0.27768930352256654 -0.4150999503225937 -0.08293654421995265 0.523673600613106
0.12862309173308709 0.013737844978591483 0.30959421500705386 -0.34468918065656373
2.4268553735041962 3.184492737409397 2.1945023825621144 1.9979728763465816
0.18259844648347148 0.19938468672876153 -0.18581106649399 -0.10101283136040372
0.8781170594416006 0.888918626990074 1.040014108162892 0.38646380339292535
0.12484544207184055 0.004860248774084697 0.049543137274965725 -0.016618428821907533
0.026007361564401133 0.022402138848569272 -0.03969950546270359 0.21161947440445103
-0.1958153481076443 -0.14447820734411634 -0.03184624956506172 -0.21771981697437517
2.4361294297931075 0.996767410333917 2.094911552285126 1.7178565238975525
-0.2351430536857806 0.23271834008371475 -0.035966364778558656 0.09770875201870785
2.6871225355117003 1.7266921353473412 2.0750104154645004 1.8910933779361017
1.571714238159085 0.8660098085771367 1.50832830265252 0.9115325369131222
