-76.0
-90.0
-80.0
-72.5
-81.5
-86.5
-84.0
-82.5
-82.0
-60.5
-90.5
-82.0
-73.0
-79.0
-74.0
-89.5
-79.5
-67.5
-85.5
-87.0
-68.0
-54.0
-90.5
-74.0
-72.5
-75.5
-77.5
-77.5
-86.5
-73.0
-92.5
-91.0
-78.0
-67.0
-87.5
-80.0
-82.0
-74.0
-80.0
-85.0
-72.0
-73.0
-85.5
-81.0
-73.5
-65.0
-57.0
-81.0
-79.0
-60.0
-73.0
-83.0
-74.0
-78.0
-80.5
-83.5
-73.5
-76.5
-83.5
-81.0
-72.5
-83.0
-86.5
-81.0
-82.0
-75.0
-67.5
-86.5
-83.5
-75.0
-82.5
-71.0
-88.0
-85.0
-79.5
-74.5
-86.5
-84.5
-82.0
-78.0
-78.5
-74.0
-73.0
-73.0
-89.5
-60.5
-69.5
-74.5
-88.5
-66.0
-85.5
-62.0
-92.5
-76.5
-86.5
-67.5
-58.0
-82.5
-73.5
-64.5
-92.5
-85.5
-85.5
-91.5
-85.0
-84.0
-87.0
-72.0
-81.5
-37.5
-91.5
-91.5
-84.0
-81.0
-89.5
-91.5
-91.5
-69.0
-76.5
-87.0
-78.0
-86.0
-92.0
-75.5
-82.5
-87.0
-76.0
-90.5
-89.0
-92.0
-88.5
-91.5
-89.5
-72.0
-80.0
-92.5
-91.5
-92.0
-91.0
-76.5
-78.5
-83.0
-92.5
-83.5
-85.5
-59.5
-91.0
-90.5
-89.0
-87.0
-88.5
-64.0
-83.0
-72.0
-88.0
-92.5
-89.5
-92.0
-76.5
-89.5
-85.0
-84.0
-86.5
-92.0
-78.0
-87.0
-83.0
-85.5
-84.5
-86.5
-88.5
-87.0
-83.0
-77.5
-79.5
-81.0
-90.5
-85.0
-87.5
-73.5
-69.0
-70.0
-83.5
-91.5
-85.5
-90.5
-88.5
-85.0
-92.5
-88.5
-83.0
-92.0
-76.5
-57.0
-92.5
-88.0
-91.0
-91.5
-82.5
-86.5
-71.5
-91.5
-74.0
-90.5
-91.0
-92.0
-74.0
-91.0
-91.5
-90.5
-91.5
-91.0
-92.0
-64.0
-90.5
-87.0
-64.0
-89.0
-68.0
-87.5
-90.5
-92.0
-74.5
-52.5
-86.5
-87.5
-78.5
-86.0
-65.5
-81.5
-89.5
-91.0
-69.0
-81.0
-91.5
-82.5
-87.0
-92.5
-90.5
-79.0
-90.0
-78.0
-82.5
-86.0
-76.0
-79.0
-67.5
-80.5
-91.0
-81.0
-91.0
-81.5
-71.0
-89.5
-93.0
-81.5
-92.0
-89.0
-90.0
-91.5
-89.5
-81.5
-92.5
-70.5
-87.5
-92.0
-89.5
-90.5
-61.0
-83.5
-69.0
-91.0
-91.0
-87.5
-89.5
-68.5
-89.5
-73.0
-77.5
-82.5
-90.0
-92.0
-80.0
-85.0
-83.5
-91.5
-71.0
-63.5
-91.5
-90.5
-90.0
-89.0
-70.5
-91.5
-90.5
-74.5
-90.0
-91.0
-80.5
-91.0
-92.0
-90.0
-91.5
-81.5
-86.0
-81.5
-92.5
-80.0
-52.0
-84.5
-79.0
-84.0
-90.5
-88.0
-88.0
-86.5
-84.5
-87.0
-91.0
-81.0
-90.5
-92.0
-85.5
-90.5
-90.5
-68.5
-86.5
-86.5
-72.5
-91.5
-84.0
-92.0
-62.0
-73.5
-93.0
-93.0
-91.5
-72.5
-76.0
-89.5
-68.5
-91.0
-85.5
-71.5
-61.0
-82.0
-88.0
-91.5
-92.0
-93.0
-81.0
-78.5
-83.5
-86.5
-90.5
-89.5
-92.5
-81.5
-91.0
-90.5
-86.0
-90.0
-92.5
-89.0
-91.5
-85.0
-89.0
-90.0
-92.0
-84.5
-87.0
-89.0
-90.5
-90.5
-86.0
-86.0
-90.0
-90.0
-78.0
-88.5
-58.5
-90.5
-78.5
-73.0
-91.5
-82.0
-88.0
-82.0
-89.0
-87.0
-90.5
-71.0
-75.5
-88.0
-81.0
-92.5
-84.0
-87.5
-82.5
-90.0
-83.5
-90.5
-78.0
-80.0
-70.5
-83.5
-91.5
-89.0
-91.5
-43.5
-82.5
-89.5
-89.0
-79.5
-90.5
-91.0
-66.5
-79.5
-76.0
-82.5
-87.0
-82.5
-86.5
-90.0
-90.5
-67.5
-57.0
-92.5
-62.5
-87.0
-90.5
-71.5
-83.5
-92.0
-91.0
-91.0
-90.5
-67.0
-83.5
-90.5
-67.5
-92.0
-90.5
-72.5
-80.0
-55.0
-81.0
-85.0
-86.0
-92.0
-67.5
-83.0
-76.0
-92.5
-91.5
-90.5
-61.0
-84.5
-91.0
-92.0
-92.5
-67.5
-85.0
-90.5
-60.0
-76.0
-64.0
-89.5
-89.5
-55.0
-92.0
-92.0
-79.5
-78.5
-74.5
-54.5
-83.5
-88.0
-72.0
-80.0
-85.0
-59.0
-81.0
-88.5
-84.5
-91.5
-86.0
-64.5
-88.0
-89.0
-87.5
-85.0
-87.5
-88.5
-75.0
-67.5
-85.5
-83.5
-86.5
-69.0
-87.5
-89.0
-86.5
-86.0
-86.5
-62.5
-90.0
-90.0
-61.5
-83.5
-88.5
-90.0
-79.0
-78.0
-88.0
-85.0
-71.5
-67.5
-80.0
-72.0
-88.5
-89.5
-69.0
-90.5
-72.0
-89.5
-90.0
-87.0
-76.0
-72.0
-77.0
-62.5
-88.5
-79.5
-81.0
-82.5
-82.5
-92.5
-70.0
-51.5
-90.0
-82.0
-82.0
-78.0
-82.5
-89.5
-90.0
-90.0
-68.5
-63.0
-78.5
-91.5
-60.5
-91.5
-89.5
-91.5
-81.0
-80.5
-74.5
-81.5
-90.0
-73.0
-89.0
-71.5
-39.5
-92.0
-87.0
-59.5
-88.5
-90.5
-91.5
-74.0
-85.5
-76.5
-76.5
-82.5
-84.0
-82.0
-70.0
-70.5
-78.5
-70.5
-91.0
-87.0
-90.0
-89.0
-91.0
-91.0
-61.0
-91.0
-91.0
-80.0
-84.0
-82.5
-63.5
-71.5
-81.5
-84.0
-78.0
-69.5
-91.5
-88.5
-90.5
-91.0
-71.5
-90.5
-86.5
-71.5
-92.0
-91.0
-81.5
-89.5
-91.0
-79.0
-61.0
-83.0
-88.0
-89.0
-72.0
-72.5
-87.5
-91.5
-87.0
-85.5
-91.0
-78.0
-81.5
-82.5
-88.0
-68.0
-91.5
-88.5
-66.5
-51.0
-84.5
-89.5
-79.5
-83.0
-90.0
-88.5
-86.5
-80.0
-81.5
-70.0
-87.0
-71.0
-66.0
-85.5
-71.0
-91.5
-82.5
-90.0
-93.0
-92.0
-87.5
-84.5
-72.5
-71.5
-92.0
-50.0
-85.5
-89.5
-69.5
-69.0
-68.0
-93.0
-89.0
-90.5
-82.0
-88.5
-22.5
-90.5
-91.0
-82.0
-85.5
-90.0
-75.0
-88.0
-90.5
-90.5
-89.5
-80.0
-92.5
-49.5
-85.5
-81.5
-88.0
-87.0
-92.0
-87.0
-76.5
-90.5
-82.5
-91.5
-79.0
-93.0
-86.5
-90.0
-91.0
-83.5
-91.0
-58.0
-91.5
-90.0
-46.0
-71.5
-78.0
-84.0
-87.0
-84.5
-88.5
-91.0
-76.0
-83.5
-85.5
-62.0
-82.5
-89.0
-81.0
-85.0
-46.0
-74.0
-84.0
-91.5
-56.0
-48.5
-49.0
-88.0
-86.0
-81.5
-89.5
-89.0
-89.0
-86.5
-90.0
-80.0
-90.5
-89.0
-64.5
-73.5
-70.0
-92.0
-83.5
-76.0
-68.5
-90.5
-62.5
-61.5
-89.5
-90.5
-55.0
-88.0
-77.0
-89.0
-89.5
-90.0
-78.5
-80.5
-90.0
-90.0
-83.5
-91.5
-69.5
-69.5
-82.0
-76.0
-90.5
-92.0
-71.0
-79.5
-64.0
-84.0
-87.5
-81.5
-67.0
-75.0
-93.0
-84.5
-88.5
-91.5
-81.5
-86.0
-89.0
-91.0
-76.5
-92.5
-81.0
-81.5
-91.0
-90.0
-91.5
-75.5
-88.5
-90.0
-83.0
-80.5
-92.5
-65.0
-90.0
-83.0
-77.5
-86.0
-91.0
-82.5
-90.0
-88.5
-87.5
-93.0
-58.5
-53.0
-85.0
-83.0
-89.0
-92.0
-91.5
-89.5
-80.0
-90.0
-92.0
-91.5
-73.0
-78.5
-85.5
-86.5
-77.0
-92.0
-64.5
-61.5
-82.5
-80.0
-90.5
-91.5
-73.0
-92.5
-84.0
-85.0
-80.0
-88.0
-74.0
-59.5
-70.0
-62.5
-90.5
-51.0
-73.5
-75.0
-84.0
-89.0
-54.5
-90.0
-92.0
-61.5
-80.0
-86.0
-77.0
-73.5
-92.5
-78.0
-82.5
-92.5
-65.0
-91.5
-77.0
-84.0
-61.0
-84.5
-80.5
-87.0
-89.5
-75.5
-90.0
-77.5
-69.5
-92.0
-78.0
-89.5
-90.0
-89.0
-92.0
-82.0
-82.0
-88.0
-87.5
-63.0
-92.0
-89.0
-91.5
-78.5
-71.5
-69.5
-64.5
-87.5
-68.0
-53.5
-40.0
-80.0
-71.0
-90.5
-90.0
-61.5
-91.0
-88.0
-85.5
-89.5
-41.5
-69.0
-53.5
-53.0
-70.5
-85.0
-87.0
-84.5
-91.0
-69.0
-91.5
-65.0
-85.0
-93.0
-80.5
-75.0
-90.0
-91.0
-92.0
-80.0
-80.5
-88.0
-89.5
-89.0
-74.0
-89.0
-90.5
-75.5
-89.0
-91.5
-85.0
-79.5
-70.0
-91.0
-78.5
-89.5
-53.5
-61.5
-91.5
-91.0
-91.0
-66.5
-31.5
-69.0
-90.5
-74.5
-85.0
-81.0
-91.5
-56.0
-34.5
-86.5
-90.0
-76.0
-84.5
-72.5
-84.0
-81.5
-91.5
-91.5
-92.0
-86.0
-90.0
-90.5
-91.5
-64.0
-91.0
-90.5
-83.5
-92.5
-87.0
-86.5
-73.0
-72.0
-35.5
-88.0
-91.0
-68.0
-76.0
-91.0
-70.5
-83.0
-88.0
-89.5
-74.5
-88.5
-83.0
-85.5
-68.5
-90.5
-92.0
-85.0
-90.5
-87.5
-85.0
-78.5
-72.0
-73.5
-87.5
-88.0
-91.5
-91.5
-89.0
-89.0
-58.5
-65.5
-65.0
-92.0
-85.5
-92.0
-70.5
-67.5
-66.5
-81.0
-91.0
-91.5
-72.5
-91.5
-88.5
-91.5
-86.5
-88.5
-87.5
-65.5
-82.5
-89.5
-87.0
-72.5
-82.5
-83.0
-78.0
-91.0
-90.5
-91.5
-79.0
-70.0
-89.0
-85.5
-74.5
-69.0
-86.0
-90.5
-84.0
-86.0
-85.0
-83.0
-58.0
-92.5
-89.0
-68.0
-84.5
-61.0
-72.0
-86.0
-80.0
-89.5
-60.0
-83.0
-87.5
-53.5
-89.0
-80.5
-85.0
-92.0
-92.5
-81.0
-92.0
-87.0
-89.0
-88.0
-73.5
-61.5
-69.0
-78.0
-90.0
-93.0
-91.5
-91.5
-88.0
-71.5
-90.0
-84.0
-88.5
-58.0
-75.5
-89.0
-85.5
-90.0
-91.0
-75.5
-89.0
-48.0
-93.0
-90.5
-92.0
-91.5
-92.5
-75.0
-90.0
-86.0
-91.5
-89.0
-77.0
-84.0
-82.5
-92.0
-91.0
-70.5
-86.0
-89.5
-91.0
-84.0
-91.5
-92.0
-60.5
-89.5
-91.5
-93.0
-80.5
-92.5
-69.5
-92.0
-90.5
-89.0
-87.5
-84.5
-89.0
-80.5
-90.0
-92.0
-84.5
-89.0
-90.0
-70.5
-91.5
-72.5
-79.0
-86.5
-83.5
-91.5
-83.5
-91.0
-71.0
-73.5
-91.0
-92.5
-84.5
-89.0
-74.5
-76.5
-90.5
-68.5
-80.0
-84.0
-79.5
-84.0
-91.5
-70.5
-91.5
-66.0
-85.5
-92.0
-84.0
-57.5
-91.5
-77.5
-79.5
-85.5
-84.5
-88.5
-91.5
-92.5
-87.0
-85.5
-91.5
-82.0
-74.0
-83.0
-89.0
-91.0
-77.0
-72.5
-90.0
-87.5
-82.0
-92.5
-78.5
-90.5
-58.5
-84.5
-91.0
-92.5
-63.0
-90.0
-88.0
-90.5
-88.5
-74.0
-71.5
-91.5
-88.0
-88.5
-88.5
-77.5
-91.5
-91.5
-73.5
-90.5
-74.5
-73.5
-90.5
-72.5
-92.0
-90.0
-89.5
-73.0
-92.0
-86.0
-90.0
-82.5
-90.5
-91.5
-92.5
-91.0
-66.5
-92.0
-89.0
-87.5
-87.0
-87.5
-93.0
-92.5
-88.0
-90.5
-88.0
-91.5
-91.5
-83.5
-68.0
-89.5
-90.0
-91.0
-91.5
-91.5
-74.0
-78.0
-93.0
-90.5
-91.5
-90.0
-87.0
-62.5
-71.0
-90.0
-78.5
-92.5
-85.0
-93.0
-91.5
-89.5
-70.5
-92.0
-88.5
-87.0
-91.5
-76.5
-91.5
-91.0
-89.0
-68.5
-89.5
-90.0
-92.5
-90.5
-80.5
-60.0
-67.5
-88.5
-74.5
-85.0
-89.5
-86.0
-84.0
-90.0
-90.0
-92.0
-92.0
-83.5
-91.5
-91.5
-69.0
-91.5
-71.5
-92.0
-92.0
-88.0
-92.0
-67.5
-88.0
-75.0
-85.0
-75.0
-74.0
-90.5
-91.5
-91.0
-88.0
-68.5
-90.0
-93.0
-53.5
-73.5
-85.5
-85.0
-81.0
-86.0
-82.5
-84.5
-77.5
-90.5
-85.0
-91.5
-84.5
-92.0
-74.5
-91.5
-88.0
-78.0
-90.5
-84.0
-84.0
-90.5
-66.5
-86.0
-80.0
-85.0
-82.0
-86.5
-91.0
-57.5
-88.5
-72.5
-86.0
-91.0
-68.5
-89.5
-89.5
-86.0
-88.5
-89.5
-91.5
-90.5
-90.0
-82.5
-93.0
-78.0
-89.5
-91.0
-87.5
-89.5
-89.0
-89.5
-92.0
-91.0
-91.5
-81.5
-92.5
-87.0
-78.0
-72.5
-92.5
-88.5
-91.0
-78.5
-91.5
-85.0
-88.0
-78.0
-92.0
-89.5
-74.5
-92.5
-92.0
-92.5
-91.0
-80.0
-77.5
-92.0
-71.0
-74.0
-91.5
-85.5
-90.0
-90.0
-66.5
-85.0
-78.0
-91.0
-92.5
-87.0
-88.0
-89.5
-64.0
-90.5
-89.0
-91.5
-86.5
-82.5
-87.0
-81.5
-82.0
-81.0
-91.5
-86.5
-77.0
-87.0
-92.5
-80.5
-91.0
-71.0
-87.0
-67.0
-88.5
-86.0
-80.5
-87.0
-91.0
-90.0
-80.0
-89.0
-92.5
-79.0
-88.5
-81.5
-89.5
-91.0
-67.0
-91.5
-92.0
-85.0
-76.5
-79.0
-86.5
-82.5
-56.0
-86.5
-82.5
-80.0
-87.5
-91.0
-87.0
-92.5
-72.0
-91.5
-92.0
-81.5
-80.5
-88.0
-64.5
-72.0
-87.5
-91.0
-86.0
-84.5
-91.5
-91.5
-89.5
-87.5
-84.5
-91.5
-75.0
-92.0
-74.5
-86.0
-88.5
-70.5
-73.5
-62.5
-92.0
-73.0
-91.0
-87.5
-93.0
-91.0
-89.0
-83.5
-81.0
-77.5
-90.0
-85.5
-91.5
-80.5
-82.5
-86.5
-88.5
-85.0
-88.5
-92.5
-67.0
-82.5
-74.5
-87.0
-80.5
-91.5
-87.5
-80.0
-79.5
-66.5
-91.5
-91.0
-86.5
-86.5
-91.5
-90.0
-82.5
-91.5
-92.0
-84.5
-85.0
-77.5
-85.5
-92.0
-90.5
-87.0
-80.5
-89.5
-90.0
-87.5
-82.5
-79.0
-89.0
-91.5
-82.0
-81.0
-91.5
-91.0
-90.5
-77.5
-84.0
-90.0
-89.0
-90.5
-83.5
-90.5
-91.0
-83.0
-92.5
-88.5
-91.5
-76.0
-91.5
-92.0
-88.0
-92.0
-89.5
-91.5
-90.0
-82.0
-77.0
-77.5
-84.5
-76.5
-91.0
-88.0
-86.5
-83.0
-55.5
-74.5
-88.0
-87.5
-90.0
-91.0
-89.5
-92.0
-87.5
-82.5
-64.5
-86.0
-87.0
-74.0
-88.0
-79.5
-84.5
-92.5
-82.5
-84.5
-60.5
-52.5
-91.5
-92.0
-92.5
-91.0
-92.0
-78.0
-78.5
-90.5
-88.5
-73.5
-92.5
-75.5
-80.0
-79.0
-90.5
-86.0
-80.5
-92.5
-92.0
-89.0
-81.5
-79.5
-88.0
-89.0
-81.5
-90.5
-92.0
-90.0
-85.0
-92.5
-91.0
-86.0
-91.5
-82.5
-87.5
-92.0
-92.0
-87.0
-92.0
-91.0
-76.5
-88.0
-82.5
-82.5
-65.0
-72.5
-91.5
-83.5
-91.0
-71.0
-90.0
-87.0
-92.5
-85.5
-66.0
-77.5
-87.0
-85.0
-90.0
-92.5
-67.0
-90.0
-82.0
-70.0
-73.0
-91.5
-91.5
-91.0
-89.0
-86.5
-85.0
-74.5
-92.5
-80.0
-71.5
-91.5
-89.5
-77.0
-81.0
-86.0
-79.5
-86.5
-80.0
-90.0
-92.0
-89.0
-91.0
-75.5
-92.0
-83.5
-81.5
-74.5
-91.0
-84.0
-87.0
-92.5
-84.0
-80.5
-83.0
-87.5
-90.5
-92.0
-75.5
-78.0
-45.0
-79.0
-81.0
-74.0
-85.0
-88.0
-79.0
-68.5
-82.5
-62.5
-91.5
-74.5
-83.5
-90.5
-88.5
-91.0
-89.0
-91.0
-74.0
-88.0
-81.5
-90.5
-85.0
-81.5
-89.5
-93.0
-73.0
-65.5
-90.0
-88.5
-90.5
-85.5
-80.5
-82.5
-60.0
-89.0
-93.0
-92.5
-85.0
-91.5
-92.5
-83.5
-90.5
-92.5
-62.0
-92.0
-71.5
-92.5
-89.0
-79.0
-59.5
-90.5
-81.5
-80.0
-69.0
-92.0
-91.5
-84.0
-86.0
-90.5
-71.0
-83.0
-90.5
-81.5
-85.5
-82.5
-92.5
-91.5
-91.0
-77.0
-91.5
-90.5
-91.5
-89.0
-81.0
-83.5
-90.5
-92.0
-81.5
-90.0
-91.5
-78.0
-90.5
-81.5
-85.5
-81.5
-91.0
-90.5
-92.0
-88.0
-74.0
-80.5
-88.0
-86.5
-93.0
-92.0
-90.5
-88.0
-65.0
-83.5
-90.5
-84.0
-87.5
-82.5
-90.5
-86.5
-80.5
-91.5
-73.5
-91.5
-73.5
-91.0
-92.5
-92.5
-77.5
-89.5
-89.0
-85.5
-87.5
-72.5
-72.0
-81.0
-80.0
-92.0
-90.5
-71.5
-89.5
-87.5
-86.5
-80.5
-89.5
-80.0
-89.0
-70.5
-89.0
-81.0
-85.0
-87.5
-92.0
-90.5
-80.0
-92.0
-79.5
-89.5
-90.0
-83.0
-57.0
-83.5
-90.5
-87.5
-78.0
-88.0
-83.5
-77.5
-92.5
-92.5
-87.5
-92.0
-92.5
-77.0
-87.5
-91.5
-89.5
-92.0
-89.0
-67.5
-92.0
-76.0
-86.0
-76.5
-91.0
-85.0
-89.0
-82.0
-80.5
-91.0
-84.0
-90.0
-65.5
-77.0
-67.5
-71.5
-92.0
-91.0
-85.0
-80.0
-91.0
-92.5
-88.0
-80.5
-92.0
-73.5
-90.5
-86.0
-89.5
-90.0
-91.5
-77.5
-79.5
-92.0
-79.0
-92.0
-85.0
-72.0
-89.0
-73.0
-75.5
-82.0
-86.0
-89.5
-89.5
-90.0
-60.0
-86.5
-85.0
-90.0
-84.0
-90.5
-92.0
-91.5
-91.5
-78.0
-92.0
-92.5
-83.0
-81.0
-89.5
-91.0
-89.5
-92.0
-88.5
-90.5
-74.0
-86.0
-85.5
-91.5
-73.0
-89.5
-90.5
-92.0
-91.0
-90.0
-64.0
-78.0
-88.5
-81.5
-75.0
-90.5
-86.0
-69.0
-90.5
-91.0
-91.5
-77.0
-67.0
-88.5
-91.0
-65.5
-90.5
-89.0
-87.5
-83.5
-77.0
-90.0
-88.5
-79.5
-85.0
-81.5
-90.5
-66.5
-81.5
-90.0
-81.0
-67.5
-78.0
-88.0
-87.5
-78.5
-92.0
-83.5
-89.0
-86.0
-86.0
-90.5
-75.0
-86.5
-88.0
-76.5
-88.5
-92.5
-90.0
-67.5
-72.5
-87.5
-85.5
-87.5
-87.0
-77.0
-73.5
-83.0
-84.5
-71.5
-79.0
-86.5
