0.19646493112255434 0.28382515914678935 0.3777924590101934 0.5575131111702308
0.3908026699461866 0.34542535489303655 0.19947060684885343 0.13499463880174875
0.2419666495223125 0.37265707828966 0.1051682158588083 0.0513092604637954
0.3006706558657564 0.7106428108840676 0.5176233255039466 0.42068038151320714
1.033819715387231 1.0007451790977127 1.1451479926849017 1.1123861970866797
-0.1166630141139224 -0.15312388765327475 0.03321928517720442 0.07061519589158426
0.25336958789602976 0.16100043027977157 0.2227538816087937 0.4129845022920119
0.07619893670413311 0.1355413939151342 -0.047066106978173386 0.2989287817668408
0.1693275410715038 0.001820561295901825 -0.017291561155879567 0.21372153500297233
0.03931885594686723 0.00991504189008127 0.026660517506657683 -0.042732951121037824
-0.13293144748693753 0.23667761518629643 0.35885413934367916 0.34088722218426226
0.2235449181883923 0.09345694841229177 -0.10767475103281429 -0.16247976549658968
0.08649394077841847 0.18167588827793713 0.05824243988213899 0.1649650260771218
0.014645346209840876 0.09811157968861303 -0.21746025312928427 0.0356253271674754
-0.0978224889186182 -0.09832088070862297 -0.029622071165266342 0.002668124913364964
0.39867247005794665 0.1431965532306898 0.14735446394457005 0.054231013445233074
-0.02302897682707162 -0.15096469216196998 -0.01455071266080645 -0.04781978703740269
0.9411073256757577 0.9639999976317823 0.9511361889026753 0.9687442818648582
0.16019948305738535 0.18221092463573105 0.08495914555697169 -0.022987586521411637
0.008771216890299414 -0.08221417914363446 0.2710424261143926 -0.04063843077519929
0.17593152264018516 -0.1642009221495681 -0.2705214475620385 0.0536538723046424
1.118197329117286 1.0210352946248542 1.0957683027929037 1.1889201475979427
0.3379336254768214 -0.0216086496881134 0.1836969661147407 -0.25371470180648975
1.0454267721038537 1.3357091409915738 1.3906677568960457 1.3331212920059856
2.3757777114753655 2.0162497609718053 2.2610616663833167 2.248376653460631
0.006733369905270335 0.016894403631186973 0.04312165901847957 -0.06277993741387765
0.3357625420325191 0.2919548010816006 0.033121447301424155 0.315527147844746
0.1525567868130433 -0.027245538137260817 -0.11802727443955402 -0.06605329503629041
0.19926148381350137 -0.014760158108663043 -0.17545696883802844 0.14124237011565247
-0.24930708311794703 -0.02021798351689063 0.16229631545437703 -0.2509777584362158
0.1696279326477736 -0.068240553406017 -0.03423971351282163 -0.09384745338871285
0.0741255795951139 -0.09659310827661723 0.1093926694715639 0.14300529555247857
0.06995279543513942 0.08010649791854305 0.03880048656242429 -0.031757130353107066
-0.16549445832687842 -0.3426827046144884 0.18655411628191995 -0.03756188947091549
0.47223524658353466 0.37737763741950964 0.6491240359545584 0.2659521635170458
1.044785460450125 0.931573364549933 0.7806916003429633 0.704871500223425
0.25205923434608263 0.47414000365939396 0.757048825882441 0.538231979701287
0.26983259849713814 -0.11970072727873055 -0.07493851251699067 0.010912265684686989
0.12120176472696777 0.15821680303274233 0.06501734432130067 0.005084745323019929
0.025315093583786245 0.009511027456739374 -0.44685192654589323 -0.0435225546163535
0.047621211238481065 0.18738129261725642 0.37388730783338087 0.5055486446392138
1.5630989472345729 1.4647213612907144 1.678807858159768 1.4432931677366956
-0.06469835438151905 -0.024578057724688646 0.12623585971026352 -0.04740887857595725
0.1408399475224391 -0.15417345213104827 -0.03202494982856501 0.142746550381198
0.22207256107505804 -0.02635626121539362 0.15318743021193007 -0.12236296856909284
0.857174013789427 0.8435053861470903 0.6691950868991424 0.7315091280620024
0.45502395042995825 0.5741553684790047 0.2843869513775756 0.5081383041606534
0.10864976020037018 -0.09695578167517167 -0.06123836900627852 0.043720396877684024
-0.019368478091858262 -0.1022975625856389 0.11643498472545939 0.14741604755004453
0.5581261366215928 0.7228113054070431 0.5181447866739696 0.6131454005357803
0.1828775830611329 0.2001780932155427 0.05896534525297435 0.18299654620488023
0.11942297423501297 0.3726239510952464 0.06039346119395336 -0.2288733352277942
-0.19854371182585306 -0.002514150396913359 0.06540026568598994 -0.08465971211985839
0.28072080435365265 -0.027375251400056977 -0.07705227270824057 0.00905844504397162
0.0003954179599130022 -0.030170956461844967 -0.31267646337643196 0.2094129431689932
0.9958944252944161 1.0336237628759908 1.193618087121002 1.0209109420227467
0.7236467615345622 0.6488168646193114 0.2013397931513588 0.6736638722209982
1.7873128086886385 1.7772524806786862 1.50057383794449 1.667678615682166
0.2850429396663997 0.2686810952449782 0.23313384688993416 0.06008220825225823
1.0972969749094366 1.1571289204521844 1.1951841073905476 1.015657349461589
0.016417651653415664 -0.18665451885359524 -0.25054588400878575 0.03183217439021002
0.3280084639023541 0.14699741571589475 0.02176221872659915 -0.17275592996936925
0.19993185253371054 -0.024770807547485806 -0.16607370089806436 0.09049984817940246
-0.003909058606866825 0.06206377603344341 -0.07168254817493246 0.045797859975899684
