0.17981475512520198 0.29780575354816974 0.4053809804439382 0.5888565739226332
0.4853799720276395 0.4906269829011961 0.3306617995494475 0.21246031869118587
0.2691896054086501 0.4073849835213707 0.13515837211140516 0.0737498539951662
0.34396907856126063 0.7477528942821503 0.5389241568772252 0.44619204489383546
1.0502080752591283 1.0122162056919977 1.1339329674587457 1.1528380425887288
-0.1662091440794776 -0.2527343983503663 -0.054589568028287086 0.022274817068332082
0.3118043307021684 0.18850672062161386 0.2297756913389826 0.42480424751534995
0.09738720120684387 0.1969983807939497 0.013107196675035336 0.3441623526731325
0.16932754107151518 0.0018205612959019944 -0.01729156115587651 0.21372153500294552
-0.013410319528250213 -0.039447337652115534 -0.005232268153109491 -0.059117445553501756
-0.22788040206609655 0.17623589645406193 0.3347061725090044 0.330099175803366
0.22354491818840092 0.09345694841229045 -0.10767475103282706 -0.16247976549661594
0.10814205065218635 0.1689370661130287 0.03143519402643523 0.1530007698971501
0.013253450270243813 0.092052496834092 -0.2212790538224205 0.027764443099132063
-0.0978224889186317 -0.0983208807086318 -0.029622071165264573 0.002668124913364972
0.3887039295374973 0.11545861584459326 0.11143098274000146 0.04211807834780037
-0.048344020280828175 -0.18936891480527282 -0.029671213936707446 -0.061694859492685675
1.0420479184061484 1.0971847722706647 1.043697083819001 1.064635675715591
0.1601994830573776 0.182210924635746 0.08495914555698257 -0.022987586521412605
0.008773233214293134 -0.0822141791436332 0.27104260845933476 -0.040638266006044296
0.17593152264020478 -0.16420092214955412 -0.27052144756202545 0.05365387230464701
1.1925404020079458 1.084799287661798 1.1552221710939943 1.270105372614764
0.33793362547677425 -0.021608649688112776 0.18369696611475755 -0.25371470180647876
1.1199499900711232 1.4382796316685706 1.5146786440596227 1.4532041123566823
2.462591736085078 2.1465342372176566 2.37413723139995 2.4128469965396957
0.004190977463845543 0.011714644353788151 0.039027024498507784 -0.06797043841687088
0.3357869311813175 0.291977531878672 0.03314754778958018 0.3155331393738613
0.15129760541077272 -0.030486910153177067 -0.12056252821226715 -0.07055496738877783
0.14657136479362856 -0.11860687795395565 -0.2640918729609582 0.09011989634068747
-0.2493070831179448 -0.020217983516890355 0.1622963154544036 -0.2509777584361622
0.16799307198610777 -0.07249575548497343 -0.03754081968496047 -0.09959636072159805
0.10335945753451964 -0.05963081919540497 0.12369983547619257 0.15600128098307214
0.07029890475089365 0.08049754902220611 0.039686640703622905 -0.031314559193205735
-0.16549445832686452 -0.3426827046145001 0.1865541162819269 -0.03756188947091609
0.48805085867039244 0.4171603125452084 0.6871245867135387 0.30799759638673085
1.119288634393806 0.9833791464050302 0.8134988574718294 0.7562878413213439
0.2928476053295884 0.5227772535770444 0.815939961034625 0.5848103212195456
0.26983259849713903 -0.11970072727872554 -0.07493851251698574 0.010912265684686942
0.04573036125492274 0.09749030188226566 0.04290804820387368 -0.004119352483162904
0.024718403067372198 0.008370263135820297 -0.44810710604368753 -0.04575994972752365
-0.052203490635676426 0.11987293608775984 0.36373792895025825 0.5048281715190884
1.6846069746693968 1.6593872997133412 1.8390314159215675 1.6076520307578472
-0.06469835438152388 -0.024578057724686186 0.12623585971027043 -0.04740887857595328
0.1408399475224643 -0.15417345213106654 -0.03202494982856184 0.14274655038120018
0.15572480764784455 -0.1013153436957262 0.08461394340502323 -0.1525892838745784
1.039964417203508 1.0839483744638831 0.8522054695322319 0.8691545555196049
0.41832480735790506 0.51889666919032 0.2578543376366578 0.5108363198217999
0.10864976020037152 -0.09695578167516068 -0.06123836900627482 0.04372039687768667
-0.019368478091856465 -0.10229756258563762 0.11643498472545957 0.1474160475500285
0.5329429102868438 0.7365010967933411 0.5502244894691511 0.6592913951578211
0.24151930575939465 0.3592375097800144 0.21811865156388996 0.27833977106110996
0.11995543059356767 0.37443008334129635 0.06122122572743272 -0.22759330164222258
-0.21565488885614684 -0.017343800984996518 0.03102576931852547 -0.09727989554860529
0.2507411567027876 -0.06932562112109 -0.130456510738108 -0.017267951945912508
0.0003954179599130066 -0.030170956461847646 -0.3126764633764174 0.20941294316899092
1.0999752726858025 1.2317217558725992 1.3742495424508934 1.176045322590877
0.7515178901726046 0.7505713871420219 0.2836513569996388 0.7601179572522505
1.9060986110085096 1.9631979172478204 1.6541240384109661 1.8328109108281658
0.2747327099173483 0.2746001849186311 0.24221339261687874 0.07252183302712141
1.171189339637673 1.2435810701757593 1.2703546454168269 1.1045579929070553
0.002077954755129965 -0.1551403235752207 -0.2321085501654863 0.04999966121654449
0.3241655863252538 0.1365221599276888 0.014034514698862065 -0.18580290764715957
0.19993185253372373 -0.024770807547486482 -0.1660737008980735 0.09049984817940013
-0.003921070034393861 0.06206377603345032 -0.07172714125386159 0.04572545886874375
