-0.05512118417652915 0.2001417702385645 0.21108871492267992 -0.15221824445482451
-0.04267455608268845 -0.19924058060335734 -0.051329965121065725 0.1497009821915389
0.2749699557323223 0.5660632769409684 0.5596461078004387 0.10637237499279337
-0.09274717584906854 -0.12150036009627568 -0.16168111286012074 0.01590130304674092
-0.12132948796801184 0.16852121985468077 0.042714125125384965 -0.4914227056977134
0.14636130333093092 0.30930029194967984 0.06518994251454598 0.5073644551764611
-0.016076182312996564 -0.015153749135860244 -0.05933886584830816 0.014794643331942175
0.15681147110403734 -0.0673952908302674 -0.03944566871895076 -0.21146104250811795
-0.07609925222816102 0.08882468640189693 0.04221996113407704 -0.17149522135631734
-0.164396081988996 -0.02470447653579557 -0.22583432209648238 0.18444855463554938
0.11098094989284658 0.5688633461593205 0.13326254612032262 -0.058412576494099214
0.678604332297393 0.27127189986448585 0.7412759697844421 0.5802624078406766
-0.1701798234594635 0.29284991573904706 -0.21537266731232488 0.03205268673235488
-0.06611265446323844 -0.2988682485776285 0.12472794531393616 0.21076963402074003
1.293767762898276 1.334858574385894 1.4087614861116742 0.9363784204668248
0.888250261664661 1.203448803807851 0.9134376670694376 0.47688971924235163
0.2223091541788155 0.3108629894508014 0.017568546309117458 -0.06352398260652231
0.7192032940208208 0.999221393671226 0.6809258291968467 0.9418192277000631
-0.05076716571558375 -0.09292404809033836 -0.04959318698866465 -0.03255079716252617
0.24827484946943154 0.19791748496740266 0.1608728909957933 0.38838423341912787
-0.3914956182892374 -0.006054539680170349 0.07333034471718639 -0.05272925491247449
-0.029822483794165508 -0.3735458002146012 -0.37650555909949335 0.04802116999820869
2.2252168341786955 1.9795519947369067 2.3486764403465936 2.639510603030127
0.17772925013284208 0.27670288572415963 0.2407508795957158 -0.0025802973788202448
0.2657977366739836 0.1302337087877996 0.11044529257594321 0.0764817787421781
0.19616610370690624 -0.01910824969220361 -0.023175746933960812 -0.17589333759179993
-0.032597780538081746 0.16963600839616 0.3323310413463102 -0.22342839177971177
0.2574804544679519 -0.06878366730813572 -0.06371831013008927 -0.02946234535001395
0.7127791458959721 0.3307100586380638 0.6956727406918117 1.2048783380873362
-0.14755089556731202 0.18048097196617474 0.06919914519359896 -0.026524748465556768
0.6518575878265364 0.9040400048939977 0.7239258356642938 0.6880338844070911
-0.15150503843565286 0.08128389757399487 -0.07666078627559873 0.17361066928362662
0.03280503738312975 -0.10230264932496823 0.17689138082401673 0.2218927580692428
0.08414771131477058 0.2058294000106475 -0.48312964211186205 0.12275666089368478
1.3384456781499814 1.4210877957065684 1.399770568276979 1.4181672911992256
-0.13318459980522165 0.08963569522376377 0.14929054440818432 0.11245664293366808
0.04330202500184212 -0.09267578273327311 -0.12813634742833604 -0.02710058251186851
0.1882739001900242 -0.23887538481223217 0.13158254717479909 0.5902053097236862
-0.17543607267784744 -0.04017280365849515 -0.09614794975570327 0.012035499260328233
1.0358710029546172 1.2211228934743517 1.1268058599376756 0.8500808594189331
-0.13378296837785641 0.20487537309755044 -0.10711389499467255 0.11907390348686904
1.2811034840391575 1.3691051152079179 1.226103410146742 1.2787324212015445
0.12843181216472255 -0.1231792970984787 -0.010505616415835094 0.0345168777406597
-0.15878937261480636 -0.33796005664007944 -0.1626822381029651 -0.2965799987338644
1.135382984347595 1.3348539105744048 1.0120777430798586 1.2358692259032216
0.20944833922155795 0.2626032501048363 0.4580763826105026 0.2878898529865601
-0.022272410355796465 -0.18625971757442447 -0.0845613945421527 -0.06307732664714148
0.01135644048501273 0.1443415300482058 0.029700078331850222 -0.10057721051578279
0.06774879102185849 0.2843786739771534 -0.08751736861647283 0.062244731691789935
-0.06048823905879895 -0.22131182644744782 0.10565213765142423 -0.21220124790298206
0.5226346730069327 0.5274394771705541 0.48675873479518367 0.4549507198717966
0.21933654831794694 -0.05898142173184692 0.021935306131483697 -0.10971830003466537
-0.12738550388850167 -0.5035575702723064 -0.042168126172552695 0.07226328664889056
0.11423773967100109 0.009682055378369856 0.2400574372253964 -0.2818053656575556
1.348698988887354 1.6124948331817743 1.0822071190951137 1.0332903708947359
0.1967639362538824 0.20611291098057832 -0.2263316206579901 -0.0988404062482253
0.40355737783401713 0.47192484814625657 0.6248712811360807 0.2503149622166771
0.12557431177535872 0.05771312762141776 0.07141466350354253 0.042407017953039576
0.03153872490819613 0.05517638155349748 0.004184320641487586 0.29194692487449186
-0.1933177426390363 -0.18695492110769144 -0.0894736429078958 -0.21293179897018719
1.1035899713262651 0.7278156226702877 1.038290386264443 0.9929745806041599
-0.24842269546846169 0.22454050951507512 -0.0405017982660967 0.1051916527588882
1.4494553677200226 0.9464759858003208 0.9504758315578204 1.080522591985491
0.6743945297260192 0.573890571049328 0.7593324487616125 0.6143585105287261
