0.23254373545093354 0.307049972731111 0.40125566708519794 0.5748425053665316
0.2773187715402534 0.2550969237056657 0.1509242319175877 0.07274471052873478
0.2182821010405987 0.3829783435771268 0.10169668508660182 0.05905121147682563
0.29500344774922926 0.7583006413536465 0.5023224164223693 0.462523087857369
1.1938482236963284 1.0973725890961163 1.235940463439658 1.2033937662240966
-0.013380081821588088 -0.08530469099091098 0.0643699312025444 0.12309030979469615
0.1807046690260158 0.17195501361613955 0.18098906237709914 0.4189076836571803
0.03884303652291709 0.11320635303103069 -0.06246875442929747 0.2794268575999659
0.16932754107151518 0.0018205612959019944 -0.01729156115587651 0.21372153500294552
0.15687431020558312 0.017745557210442773 0.0830199478770325 -0.03516430885712721
0.03209444180398431 0.2680046319057543 0.42643602227348876 0.36905776557698555
0.22354491818840092 0.09345694841229045 -0.10767475103282706 -0.16247976549661594
0.0768298225924853 0.22345340691799762 0.05382324990480408 0.1951063666832662
0.04655394457410846 0.16658672249130013 -0.18664947031670265 0.08892714407230348
-0.0978224889186317 -0.0983208807086318 -0.029622071165264573 0.002668124913364972
0.4730393488150002 0.15859161050658407 0.20462193501496131 0.06970940562599297
-0.030040508736388957 -0.11398664549625809 -0.008603254124384657 -0.023260740898192803
0.9192396369863849 0.9983655041552494 0.9476180923044007 1.009368735153911
0.1601994830573776 0.182210924635746 0.08495914555698257 -0.022987586521412605
0.008771216890298746 -0.0822141791436332 0.2710424261143634 -0.04063843077520062
0.17593152264020478 -0.16420092214955412 -0.27052144756202545 0.05365387230464701
1.1229000857092926 1.0926133483225022 1.1400410666507004 1.2534287450383867
0.33793362547677425 -0.021608649688112776 0.18369696611475755 -0.25371470180647876
1.0595358691403163 1.4126213025152607 1.4146150942304005 1.402697900311082
2.5278459011600085 2.154716213820374 2.3964706336746886 2.3879867602224936
0.04424222527230289 0.016855181604226912 0.06480191951980602 -0.06149059443405346
0.3357372826389961 0.2919495805565808 0.03307177609570193 0.3155322820893744
0.15255678681305726 -0.02724553813725844 -0.11802727443955105 -0.0660532950362855
0.29684636518909086 0.06418804862402464 -0.0976463305802934 0.20015643033613878
-0.2493070831179448 -0.020217983516890355 0.1622963154544036 -0.2509777584361622
0.17071319046368214 -0.06761857457129308 -0.03365972417880297 -0.09315347786762056
0.028704948338970783 -0.09565841026569026 0.09225984561166792 0.14645912808756661
0.0699527954351306 0.08010649791854152 0.03880048656242292 -0.0317571303531125
-0.16549445832686452 -0.3426827046145001 0.1865541162819269 -0.03756188947091609
0.5076560149708381 0.38799103449351996 0.6721121201425243 0.27943588115086293
1.0544228201564625 0.9970680990829404 0.8176081988194746 0.7709055090850463
0.22285039722308572 0.5176028064661075 0.716297532286016 0.573594388865181
0.26983259849713903 -0.11970072727872554 -0.07493851251698574 0.010912265684686942
0.2547576239878209 0.197228533366765 0.14322678445535394 0.040022696493683944
0.025366284668765005 0.009532710399525655 -0.4468291678965902 -0.04349913207117442
0.23348546730240782 0.1990733208342782 0.4557285066976345 0.5197808579816311
1.5653812193885661 1.49489400049539 1.7093285286414563 1.4925826897033123
-0.06469835438152388 -0.024578057724686186 0.12623585971027043 -0.04740887857595328
0.1408399475224643 -0.15417345213106654 -0.03202494982856184 0.14274655038120018
0.37269150479502455 -0.0024808617481855005 0.24796042831261664 -0.092948237309933
0.6573068401992503 0.7822297055962764 0.5896738307431753 0.6956470273626859
0.5740346782193048 0.6557521401220812 0.37111123393822265 0.5753165295547262
0.10864976020037152 -0.09695578167516068 -0.06123836900627482 0.04372039687768667
-0.019368478091856465 -0.10229756258563762 0.11643498472545957 0.1474160475500285
0.6866973864031911 0.7596813143985646 0.602299346285867 0.655481677918245
0.07416072339079585 0.07056931057918894 0.011617963503679782 0.08475570763144032
0.11942297423500149 0.37262395109524277 0.06039346119395332 -0.2288733352278166
-0.19626571853786234 0.0005266356484918378 0.06724091894158929 -0.08247937356525327
0.34059899529303284 -0.009973339482541112 -0.027136508554584042 0.029282361837289238
0.0003954179599130066 -0.030170956461847646 -0.3126764633764174 0.20941294316899092
0.9475314023002609 1.0016296091409973 1.1807849764824554 1.0128071786883375
0.7543601438182364 0.6409685143749003 0.2524914632439224 0.681607895182459
1.8099044895540666 1.832094538489945 1.5556725601884698 1.7368518289774062
0.37232569095333956 0.27480341200221814 0.2866467835117072 0.07488213871037626
1.1379018703601678 1.2177921500929711 1.240806164904736 1.0774560596409999
0.029180111970049105 -0.2008418350627532 -0.24573715756327927 0.026231663660403307
0.3297064461732595 0.14838623230981857 0.022893862423546695 -0.1712720181235215
0.19993185253372373 -0.024770807547486482 -0.1660737008980735 0.09049984817940013
-0.003909601971110297 0.062062649370853616 -0.0716814279410935 0.045796223515336694
