-72.5
-79.0
-37.0
-27.5
-55.5
-35.5
-85.5
-28.0
-83.5
-35.5
-88.5
-68.5
-84.5
-83.0
-45.5
-76.0
-73.0
-29.0
-82.0
-76.5
-68.0
-77.0
-50.5
-57.0
-73.5
-50.0
-62.5
-25.0
-65.0
-45.0
-83.0
-72.5
-51.0
-32.0
-51.0
-82.0
-70.5
-18.5
-72.5
-21.0
-77.0
-55.5
-55.5
-64.5
-74.0
-62.0
-39.5
-52.0
-38.0
-50.0
-69.5
-56.0
-49.0
-56.5
-77.0
-75.0
-59.5
-72.5
-68.5
-54.5
-49.5
-71.0
-81.5
-58.0
-85.5
-67.5
-38.5
-48.5
-62.0
-61.5
-60.5
-86.5
-5.5
-53.5
-77.0
-53.5
-59.0
-75.0
-0.5
-36.5
-43.5
-43.5
-76.0
-53.5
-76.5
-57.5
-75.5
-64.5
-78.5
-74.5
-58.0
-59.0
-80.5
-63.5
-67.5
-61.5
-42.5
-39.5
-74.5
-24.5
-27.0
-80.0
-80.5
-22.0
-87.5
-74.5
-82.5
-77.0
-62.0
-68.0
-66.0
-77.0
-48.5
-35.0
-79.5
-60.0
-60.5
-80.0
-43.5
-80.0
-40.5
-71.0
-64.5
-77.5
-37.5
-45.0
-60.5
-13.0
-81.5
-38.5
-64.0
-55.5
-75.5
-55.5
-72.0
-75.5
-69.0
-56.0
-79.5
-42.0
-44.0
-68.0
-54.0
-45.0
-86.0
-63.0
-31.0
-76.5
-75.0
-52.5
-66.5
-53.5
-46.0
-76.0
-80.5
-75.5
-63.5
-72.0
-29.5
-70.5
-65.0
-60.5
-61.0
-66.0
-58.5
-62.5
-70.0
-69.0
-25.0
-49.5
-49.0
-76.5
-84.0
-34.5
-78.0
-52.5
-45.5
-50.5
-63.0
-59.0
-77.5
-76.0
-73.5
-85.0
-73.5
-40.0
-76.5
-78.0
-79.0
-50.5
-76.0
-50.5
-51.0
-64.0
-81.5
-65.0
-80.0
-76.0
-66.5
-73.5
-50.5
-24.5
-85.0
-60.5
-86.5
-81.5
-82.0
-73.0
-85.5
-48.5
-6.5
-68.0
-87.5
-54.0
-51.0
-32.5
-79.0
-84.5
-88.0
-72.0
-78.0
-78.5
-70.5
-63.5
-26.5
-75.5
-58.0
-48.5
-60.0
-78.5
-75.0
-52.5
-65.0
-69.0
-58.0
-76.0
-76.0
-47.5
-50.5
-79.5
-28.0
-28.5
-79.5
-72.0
-81.5
-39.0
-40.0
-73.0
-61.0
-22.5
-83.5
-54.0
-28.5
11.0
-45.5
-86.0
-76.0
-60.0
-76.0
-64.0
-75.0
-76.5
-54.0
-37.0
-54.0
-55.0
-77.0
-61.5
-67.0
-45.0
-84.5
-57.5
-54.5
-72.0
-33.0
-58.5
-57.5
-72.0
-42.5
-84.5
-57.5
-60.0
-30.5
-67.0
-67.5
-62.0
-74.5
-26.5
-71.0
-83.0
-48.5
-78.5
-70.5
-64.5
-62.0
-84.0
-68.5
-69.0
-67.5
-57.0
-79.0
-77.0
-56.5
-71.0
-35.0
-33.5
-88.0
-57.5
-72.0
-55.5
-68.0
-6.0
-83.5
-63.0
-63.5
-21.5
-29.5
-28.5
-52.0
-54.5
-83.0
-84.0
-77.5
-85.0
-83.0
-87.5
-66.5
-85.0
-84.5
-82.5
-80.5
-83.5
-72.5
-62.0
-65.0
-77.5
-80.0
-54.5
-83.5
-86.5
-82.0
-77.5
-87.5
-87.5
-85.0
-83.5
-75.5
-80.5
-76.5
-87.0
-86.5
-88.0
-82.5
-84.5
-70.5
-81.0
-74.0
-82.0
-81.5
-83.5
-83.5
-74.5
-81.0
-80.5
-89.5
-78.5
-80.0
-79.0
-89.0
-83.5
-64.5
-70.5
-80.5
-83.5
-40.0
-86.0
-86.0
-83.5
-84.5
-68.5
-78.0
-85.5
-75.5
-84.0
-66.5
-72.5
-74.0
-82.0
-87.0
-87.5
-83.0
-84.5
-84.0
-81.0
-67.5
-80.0
-85.0
-82.0
-84.0
-76.5
-76.5
-86.0
-77.5
-73.0
-71.0
-87.5
-83.5
-81.5
-72.5
-69.0
-82.0
-78.0
-67.0
-72.0
-81.0
-85.0
-84.0
-85.0
-73.0
-76.5
-86.0
-71.0
-79.0
-84.5
-64.0
-89.0
-58.0
-87.0
-84.5
-88.0
-87.5
-74.5
-83.0
-71.0
-81.0
-89.5
-81.5
-82.0
-55.0
-80.0
-86.5
-81.5
-87.5
-87.5
-87.0
-76.0
-84.0
-79.0
-82.5
-84.0
-86.5
-84.0
-66.0
-73.5
-79.0
-86.5
-85.0
-62.0
-87.5
-73.5
-83.0
-87.5
-68.0
-76.5
-85.5
-75.0
-75.0
-87.5
-73.5
-82.5
-84.5
-83.0
-83.5
-73.0
-83.5
-88.0
-67.5
-87.0
-85.0
-81.0
-72.0
-83.5
-72.5
-72.0
-82.5
-84.5
-85.0
-77.0
-85.5
-62.5
-52.5
-83.0
-77.5
-79.5
-87.5
-80.5
-78.0
-70.5
-53.0
-78.0
-86.5
-86.5
-75.0
-81.5
-82.0
-71.0
-84.0
-37.5
-84.5
-80.0
-68.5
-75.0
-87.0
-84.0
-70.0
-73.0
-78.5
-78.0
-81.5
-81.5
-63.0
-80.5
-85.0
-87.0
-84.5
-87.5
-71.0
-87.0
-56.5
-79.5
-63.5
-82.0
-63.0
-80.0
-77.5
-60.5
-67.0
-76.5
-65.5
-56.5
-74.5
-83.5
-81.0
-75.0
-66.5
-79.5
-82.5
-73.5
-86.0
-84.5
-74.0
-80.0
-78.0
-83.5
-78.0
-85.0
-75.5
-71.5
-81.0
-89.0
-85.0
-75.5
-80.5
-79.0
-69.5
-88.0
-80.0
-83.5
-77.0
-89.5
-81.0
-78.0
-85.5
-83.0
-80.0
-88.0
-86.0
-70.5
-86.0
-82.5
-62.0
-72.5
-82.0
-70.0
-62.0
-5.5
-77.5
-88.0
-63.0
-84.0
-21.5
-64.0
-81.5
-69.5
-84.5
-80.5
-86.0
-59.0
-60.0
-70.0
-84.0
-56.0
-75.0
-68.5
-77.5
-70.0
-33.5
-62.5
-78.0
-79.0
-73.0
-72.0
-47.0
-33.0
-72.0
-38.5
-82.5
-88.0
-88.5
-77.5
-84.0
-76.5
-72.5
-81.5
-55.5
-84.5
-81.5
-85.0
-84.5
-71.5
-61.0
-70.0
-85.0
-73.0
-79.0
-88.0
-77.0
-74.0
-56.0
-81.5
-75.0
-85.0
-67.5
-78.0
-65.0
-86.5
-73.5
-78.0
-62.0
-80.5
-88.0
-68.5
-57.0
-49.0
-42.5
-73.0
-74.0
-86.0
-49.0
-85.5
-75.0
-71.5
2.0
-79.0
-83.0
-82.5
-80.0
-53.0
-77.5
-48.0
-65.0
-84.5
-67.0
-75.5
-75.5
-36.5
-64.0
-85.0
-70.0
-14.0
-63.0
-80.0
-74.5
-64.0
-77.5
-79.5
-87.5
-73.5
-50.5
-20.0
-48.5
-76.0
-43.0
-79.0
-76.5
-76.0
-71.5
-84.0
-85.5
-80.0
-88.5
-81.5
-70.5
-43.5
-64.0
-84.0
-81.0
-81.0
-69.0
-81.0
-79.0
-83.0
-88.0
-73.5
-60.0
-70.5
-79.0
-65.0
-62.5
-75.0
-83.0
-81.5
-83.0
-53.0
-81.5
-88.5
-72.0
-84.0
-81.5
-55.5
-62.5
-58.5
-82.0
-75.0
-74.0
-56.5
-82.0
-32.0
-85.5
-80.0
-81.0
-77.0
-82.0
-76.0
-82.0
-73.5
-69.5
-83.0
-76.5
-70.0
-52.0
-78.5
-70.5
-79.5
-71.0
-79.5
-77.5
-41.0
-72.5
-73.5
-78.0
-72.5
-73.5
-73.0
-72.5
-69.5
-89.0
-61.5
-85.5
-58.5
-72.5
-64.0
-62.5
-85.0
-57.0
-79.0
-19.5
-88.5
-88.0
-80.5
-74.0
-84.0
-80.5
-59.0
-63.5
-70.5
-65.5
-35.5
-83.0
-77.0
-78.5
-65.0
-79.0
-80.5
-77.0
-81.5
-83.0
-74.5
-86.5
-86.0
-53.0
-59.0
-68.5
-72.5
-74.0
-76.5
-76.0
-80.5
-80.5
-70.0
-69.0
-78.0
-77.0
-65.5
-69.0
-80.0
-73.5
-73.0
-82.5
-24.5
-82.0
-48.5
-80.5
-76.5
-75.0
-61.0
-56.5
-77.0
-77.0
-65.0
-56.0
-75.5
-79.5
-81.0
-73.5
-74.5
-73.5
-70.5
-80.0
-66.0
-80.0
-73.5
-70.0
-52.0
-46.5
-71.0
-51.5
-87.0
-82.5
-50.5
-69.5
-51.0
-62.0
-81.5
-82.0
-71.0
-76.5
-78.5
-65.0
-72.5
-82.0
-76.5
-71.5
-57.5
-84.0
-74.5
-64.5
-60.5
-88.5
-63.5
-84.0
-78.5
-86.0
-83.0
-72.5
-87.0
-86.5
-77.5
-58.0
-44.0
-64.5
-85.5
-85.0
-83.0
-65.0
-80.5
-79.0
-87.0
-86.5
-87.0
-80.5
-53.5
-57.0
-80.5
-86.0
-43.5
-59.0
-75.5
-65.0
-82.5
-83.0
-74.0
-87.5
-67.5
-61.5
-64.0
-84.5
-57.0
-75.0
-37.0
-85.5
-65.0
-74.5
-31.5
-12.0
-65.0
-83.0
-63.5
-79.5
-88.0
-84.5
-87.0
-37.5
-63.5
-36.0
-63.5
-61.5
-88.5
-45.5
-70.5
-85.0
-76.0
-85.5
-82.0
-80.5
-75.5
-84.5
-72.0
-61.0
-67.5
-66.0
-69.5
-79.0
-72.0
-65.5
-77.5
-33.0
-81.0
-60.0
-86.5
-78.0
-49.5
-76.0
-82.5
-41.0
-89.0
-59.5
-82.0
-77.0
-26.5
-85.0
-64.5
-66.5
-81.0
-84.0
-74.5
-78.0
-82.0
-41.0
-81.5
-66.0
-83.5
-34.0
-61.0
-82.0
-75.0
-88.0
-77.0
-23.5
23.0
-89.0
-83.5
-79.0
-70.5
-54.5
-86.5
-10.0
-73.0
-80.5
-72.5
-87.0
-33.0
-70.5
-69.5
-79.5
-83.0
-71.0
-57.0
-81.0
-79.5
