0.005576421288386742 0.0855922851568449 0.27995632171992607 0.01903211620988934
-0.10687172817275954 0.15969302144837313 0.10544716304344133 -0.13326934302694537
-0.07395197234683759 0.15510282639512304 -0.00842338442058696 -0.18685187027477052
0.009890976886919685 0.003433047588621794 0.04364165996542307 0.07954669348788489
0.29041678120331177 -0.16964019661559732 -0.09957712536643588 -0.022418367747816297
-0.0793407129976511 0.06251799756089645 0.09002328433645866 -0.1510871763337611
0.07850779281846208 0.0012246813477836123 0.11114121225175984 -0.03474328046034269
0.30073567202540374 0.0071768449875744935 -0.19293114199035713 0.05664936457299911
-0.017796992052678318 0.03232359642802229 0.1754618268974965 -0.0541274318891886
-0.101971189110532 -0.08870440665992982 0.014183366652479275 0.19304660022052816
-0.08385030571261129 -0.1126547157288062 -0.1019994663165948 -0.0656094213929217
0.20045095426694787 -0.00044088278110897077 -0.084370655414119 0.021125752694426174
0.04407115211222178 -0.16320367136345146 -0.1399103975916609 0.018459898063384245
0.17984437314848264 -0.25524965768738944 -0.09272193043800134 0.03390609854723653
0.1717915654189521 -0.2853136924887698 0.08056776173786381 0.08200671543182733
0.11123742621798455 0.04486457655516678 0.03246906776289621 0.050151411235380784
0.08516304623152468 0.030873956909522788 0.09907262116035784 -0.17083449863729266
0.03005968666384103 -0.1868372311806114 0.06346414187461535 -0.010415115557012465
0.04975176721163164 -0.017458986773221854 -0.22691760884209466 0.003159364333659784
-0.057241256988919215 -0.08610061932143995 9.839893899997646e-05 0.06253047311672096
-0.295116866509598 0.14423293147276794 0.055995826740446536 0.18385230402535854
0.2619896852434076 -0.07098981701317973 -0.09604997339735652 0.11151044160665609
-0.16090418822177474 -0.1985330253553989 -0.18393995203692934 -0.06198194255074488
0.01698057738333014 -0.2178443435702086 0.00018721438357282774 -0.12776936174573025
-0.1431302606218625 0.1412568525526596 -0.21849648409853745 0.19910899084553385
0.2798564951244362 0.13626428625880524 0.30654388744685823 0.2233064368010044
0.4175997450275023 -0.27308188167599035 -0.1631049925793075 0.008924833403444769
-0.2984180473394047 -0.11373810574357564 -0.07713617491016811 0.013447158565279583
-0.17399148431694586 -0.0916426189770738 -0.2943467313688272 0.3955781577311409
0.053259898522808144 0.020256510464692814 0.03128033119886676 -0.04509992798736383
-0.003360083241580938 0.00966437320101386 0.04034794321004436 0.03820471421024996
0.16881998944236182 -0.24563837352876963 -0.06347630468727516 0.1481000646608581
0.17227358472800253 0.09539377136259093 0.08591730413511764 -0.31001857238385755
0.17318177296750376 0.06138929605949481 0.019165273238032687 0.0096461417237242
-0.08035356812401825 0.19640802719349243 0.11871286850171488 -0.06612350895413699
0.09288669345105381 -0.023502439637690713 -0.023436780671225503 -0.10665260473583646
-0.3714257620343883 0.2623684778984278 0.026210587263647882 0.02495085077740438
0.021074594355645675 -0.06834071682317722 -0.23506641608460313 0.11530264038461097
-0.2564057651617544 0.43840572430944813 0.015390003448227477 -0.3965719333168523
0.060034869394997394 -0.015262553465947801 -0.02185744653929003 0.07154375171072169
-0.28297651048039807 0.13846364540427689 0.13591773534928062 -0.053547043695572435
0.11044578813042955 -0.16678617759936773 0.02164968917337839 0.3538366421824421
-0.03006842893449842 0.05555871703423124 0.2414224855283723 -0.09769769961483894
-0.2755544114826089 0.16670912714740455 0.008315132395147846 -0.07045276589073135
0.577426966941907 -0.11549331653138557 -0.16240526840950717 -0.06891580269536422
-0.306920956536477 0.17011293217751564 0.035233679141950074 -0.20638220242043243
-0.39983692504211266 0.12250377213985492 0.0011892623728472617 0.1468721613538253
-0.02269075555120547 -0.028686808752077426 0.16647406288354522 -0.07057395851235014
0.07978178857533788 -0.01072137366557503 0.1139178998412273 0.028077162714778742
-0.0016029377218677806 0.15132469504887378 -0.14018043639930908 -0.18252727213953474
0.07745893843379835 0.06755914473826474 0.006922637511049071 -0.12626586826224018
0.15330461742758802 -0.34716848990259924 -0.050276877907050974 0.11810280374886091
0.1270095294135658 -0.04627212989658301 0.0031884365289797335 0.050007537808979076
-0.03439606766520925 0.3021141902037891 0.14966248120966405 -0.2519740296959281
-0.14814565358069173 0.042338726239512334 -0.21679388654226286 -0.04637483461226648
-0.34045185091333113 0.15406577873040825 0.054395811369668076 0.23178769135524782
-0.08277097285646481 -0.06826212344785554 -0.0403564744404956 0.20115603063562673
-0.1862461461030611 -0.07908758200448472 0.00023058334866603295 0.09340141015617273
0.1855692797753798 0.08289874810579044 0.23325224442576045 -0.17815715331416498
0.150722886426216 -0.07343154497787407 0.11202431275261066 -0.10708100784647531
-0.17295599727905325 -0.16038707991773687 -0.31746844346700026 0.15691267206451015
-0.37746275383779243 0.272793951368838 0.09688287901406929 -0.25146026731595583
0.1327485177271963 -0.13926039063390225 0.10316456876189448 0.1499288045682805
0.03144905476251331 -0.17234503763870185 -0.107269457759497 0.03833248295069186
