-0.048285498302097586 0.19428026295783118 0.20944865616063138 -0.15446079344855168
-0.052847660542473016 -0.1748448821695874 -0.027088608668616385 0.18538785861914292
0.07823104748102964 1.0298791695128022 0.5754421963812968 0.9364993587692058
-0.1326687630991431 -0.14718119379578432 -0.2101400896157935 0.04484335107859567
0.023213294338547852 0.13987762010837632 -0.014655922026378682 -0.5619094108080745
0.23172498279625403 0.7448271420144685 0.15554137074570173 0.4499560438683876
0.0038763171800604928 -0.009095321162724065 -0.10229354008062928 0.0774041000186944
0.1762598889516252 -0.07410509351749808 -0.021304822226047685 -0.2053635297812044
-0.05073486646752047 0.07578471029895381 0.09618323832814506 -0.11008586037133512
-0.1682922307135362 -0.02692476402126015 -0.22549341488792382 0.18109847566587245
-0.21784825343618358 1.028769141538065 -0.5088375056286548 0.5703648142283118
1.0231882229003646 0.1757920715739916 1.4771499994794401 0.7465219236974746
-0.13765790481332615 0.35536580925188005 -0.2621759139987534 0.028360818471187602
-0.12033233989929211 -0.2760101690745718 0.11149693134726829 0.3227338708755309
1.8145014074014512 1.7396910353565316 1.907119233303323 1.8403610015169225
1.2368581201374966 2.2617421471954104 0.8768298581375013 1.2697927073246607
0.4759944343012145 0.20826428320593007 0.018191082105198656 -0.24249930295472835
0.6233290107803579 1.81193644274363 0.8512484070053399 2.278737914952037
-0.16445755498430126 0.10469036580464063 -0.14616209509555697 0.13832708604269484
0.7144281883860647 0.5547413124837146 0.2968008344702485 0.16938383089732068
-0.7140913646409633 -0.17549903410196116 0.21253625749088156 0.18324763303333091
-0.11591910982531067 -0.48476670613852807 -0.4806031442549275 0.09298248796716894
3.711926514182967 3.2598280718800132 4.027863364964183 3.9180561119406265
0.20936973609390233 0.4144085338398318 0.3482594501258568 -0.026373133529245998
0.2557949956256436 -0.12278590918738369 0.20653157827594906 -0.08426962270001391
0.5013081108270984 -0.17759623522501586 -0.0562498061979788 -0.3167787178329878
0.10361120257255448 0.4234206823336234 0.5764691192794742 -0.45097770785834085
0.2583627024689137 -0.0429741892123404 -0.04513126831823384 -0.0013811097560033313
1.2720953033677735 0.3410362048101756 1.4145618682969021 1.7055819559262142
-0.4913201036890691 0.6531063278831187 -0.19939420202952907 0.21073499475082963
0.5121755301682869 1.7918583641146018 0.6252477964420202 1.8797397623385756
-0.4730097685740051 0.5489500100193659 -0.4914622898602832 0.8838292060454334
-0.1640786776996917 -0.06058742647720344 0.24067577213319424 0.6076989859955442
0.3375148458304651 0.2139018546517772 -0.5845235050327728 0.07825379189105103
2.1190008097932203 2.3847200580535812 2.3310540166469 2.369015318348956
-0.22947998734666003 0.12760974581170215 0.23985766089146468 0.1263219056237312
0.020357476547368716 -0.07592425012244564 -0.16830527453355953 -0.037467234178599124
-0.07794868161293383 -0.37487002585585244 0.37612707086959535 1.1683925572194325
-0.6167234720953958 0.244029394159703 -0.3738622727240375 0.8561864696160948
1.779880218362274 2.04057065406539 2.0036536293658673 1.1502103074679575
-0.3630453046374659 0.5195935807287057 -0.27908147888240065 0.34656515226928275
2.2395262228711497 2.3504670617462726 1.7182073494586878 2.0056053006772574
0.36942640309416125 -0.09590890632876252 -0.13491607819176912 0.057615743922942816
-0.09970013475418367 -0.3439130088104327 -0.19744706694776754 -0.3131178105181804
2.0939203027489155 2.0589938433456423 1.6553800446212124 1.8587216788425813
0.7339175189375104 0.060713723776410405 1.0119801680121363 0.30625933556552415
-0.020244387474678164 -0.18485365838268847 -0.08066157564695148 -0.0703858499072512
0.001645554294642051 0.30547407572190916 -0.12819039408154984 -0.09664819190696243
0.04336602587164407 0.23546180710515227 -0.08404913816254711 0.007387816208528718
-0.10609788573558039 -0.24931039083383755 0.08251219079498673 -0.21986327863927035
1.0589325354967984 0.6852181609621663 0.8007054887361547 0.8125557351423858
0.6301215859341346 -0.030998478565322115 0.06482890005252183 -0.38944612930496414
-0.33944483284577853 -0.6252165548530405 -0.05632322483606356 0.8245996705826754
0.16233069522573298 -0.03819566512957079 0.3239214622371385 -0.327600024882668
2.1977167144299523 2.833897381735941 1.4180874724483075 1.791823674906775
0.13251015866229274 0.21332211655367175 -0.17136453492896378 0.0015682054065322667
0.7785051862473017 0.7352147131951968 1.0922364784435545 0.14330330266232855
0.07608970500965645 -0.004555899630621228 0.024163474120701068 -0.032539848956799684
0.03386246716727916 -0.016502086846018407 -0.062358171913228164 0.23690798160883603
-0.4098111648755349 0.017877251313802925 0.20156833532285112 -0.2747783935285987
2.246809681666609 0.6731421887662745 2.185538816701638 1.0015021389615217
-0.37037646484789294 0.23038110463712816 0.20788820644441572 0.008112849498991319
2.401213298562075 1.4327890815981998 1.8796039642816895 1.3173962720499497
1.186878013008829 0.6114422321457563 1.407045519799359 0.7557803436706179
