-0.04802948268200003 0.19439158951705235 0.2091080123586991 -0.15451078750357453
-0.053115726464513964 -0.1750459115959647 -0.02669363996395882 0.18499626712751635
0.08749991623800572 1.0347389551484567 0.595515884227628 0.9474597263332096
-0.1329909640944864 -0.14641802510253327 -0.2101845839365405 0.045136995414223446
0.021557595215046098 0.14062734303103958 -0.014689773591824086 -0.5615835702830809
0.23279868392676403 0.7480075920031768 0.16627752548983382 0.4604809114034007
0.0041257797910256 -0.009733368930648885 -0.10128348014882253 0.07603101875704986
0.17743991128412884 -0.07398470489421326 -0.021456972611622754 -0.20597135688036725
-0.051656357847517466 0.07644950475759728 0.09653146684494242 -0.10952474780803777
-0.1682922518145442 -0.026943248212176897 -0.2254788890412172 0.1810797398683714
-0.21101988521812598 1.0300576365847625 -0.4995013692989388 0.5712089691453812
1.0268696379230275 0.18830571274306737 1.4986657440846598 0.7616394156889059
-0.13784959315813392 0.3544554331118869 -0.26159878487021315 0.027956461392243604
-0.12055021128172978 -0.2767211932107429 0.11200143556954434 0.32166231150762775
1.827413950938944 1.7597669980283712 1.959178959269885 1.8819435323879579
1.2517247212287632 2.2753113322417593 0.9178426899855862 1.2996889973287344
0.4781884348817392 0.21019286431441295 0.02245692246136139 -0.24073511495828215
0.6363240001759407 1.820763159175398 0.8908760866499936 2.306907465823791
-0.16503406337137727 0.10406744551583894 -0.14522349599192788 0.13661090586034655
0.7206323316043335 0.5613460511747952 0.30955776885031694 0.1758530742692358
-0.7128826152920461 -0.17590649407690725 0.21079591990625318 0.1806242333309438
-0.11689386979730862 -0.48332988630014556 -0.4802513231801337 0.09416553219248068
3.743550108949512 3.297680281625396 4.130144590953159 3.9898651231957496
0.21214635383288882 0.41728548531414283 0.3543453699134637 -0.02180601340574026
0.2577636703700195 -0.12324971050694047 0.20838459133037965 -0.08348127309923589
0.4986832913154865 -0.17320862822472347 -0.05602031449879458 -0.31818884398134023
0.10744514493313413 0.4264093915794581 0.5763715482054634 -0.45354235536892173
0.2576094634308652 -0.04279282106355107 -0.04466514906903502 -0.0011756225264758005
1.2779336335823095 0.3509295412876387 1.4464907772050908 1.7273583013274258
-0.4887140947151781 0.6534029080544025 -0.1968137222219678 0.20988779903693897
0.5240909499210081 1.8027523445827467 0.6603035161112555 1.9046595378434665
-0.46968180247026425 0.5471891329549494 -0.48933657884553977 0.8784113088009118
-0.1606379286347384 -0.06013736125551073 0.24488611549016434 0.6086069483631377
0.3373443021093859 0.21594698997495562 -0.583415533689151 0.07696511773736059
2.140589920610392 2.408335461595533 2.3942673292137 2.413055874199599
-0.22838498745857652 0.12862373645371977 0.2413099190108469 0.1268642291488204
0.01989398083693199 -0.07547181532376093 -0.1682144563006578 -0.03712024901549712
-0.07399825050969411 -0.3748788462905783 0.3810028290616244 1.1705470694403564
-0.6141046430551419 0.2423582786876761 -0.37270470331786126 0.8515002071498478
1.7977335656259932 2.059650545245055 2.051237744529734 1.1854720932453544
-0.3623894892444485 0.5194283124074165 -0.27856771478235304 0.34464452244109234
2.256627889555259 2.3727527385678253 1.7768327478264658 2.046731951233681
0.3694346133212274 -0.093557910582728 -0.13345169916561472 0.054337207280021595
-0.09910792072314961 -0.3429870817305828 -0.19750268216338746 -0.31395863888057784
2.1137431588112 2.079761336993289 1.7098402634778027 1.8949980116404235
0.7364899081327752 0.0704611894945716 1.0265292554647596 0.3140720245440907
-0.020265672579649976 -0.18481288008460198 -0.08066292540699892 -0.07041478373267233
0.00244472615314159 0.3057558556052462 -0.12682463985631115 -0.09670343348142961
0.043125038181691076 0.23580477320194107 -0.08312629625041516 0.009130334850045954
-0.10602753340888342 -0.24918137590745823 0.08284923999152437 -0.21925161413254401
1.0645831257873943 0.6944281520717684 0.8242760053023844 0.8285423166455806
0.6315564144688066 -0.027212567776390452 0.06806893617090562 -0.3903472565424715
-0.33649748106886973 -0.6264583459296653 -0.055225613754845554 0.8212988566861105
0.1637255228695264 -0.03818294095433437 0.3255663215249194 -0.32734689302989733
2.212102792426959 2.8553838402460276 1.476109444972787 1.8362353143868697
0.1316114476799875 0.21406050022854053 -0.17045206300917626 0.002195529772953441
0.7841362309840897 0.7442706207543659 1.110162798770866 0.1589155997458999
0.07588893702270665 -0.004404931340101243 0.024569245005749522 -0.03216704344227119
0.03244764849321971 -0.01552625564000595 -0.061102438587355735 0.23880138896943526
-0.4096830848592023 0.018414291556537406 0.19904281421126396 -0.2753341418623739
2.2606777668336275 0.6957445691427845 2.2281411580637793 1.0259675092349778
-0.36982628037080245 0.23102040863685278 0.20730798619052437 0.008284456908485826
2.4161694514343974 1.455169998807017 1.927314888386323 1.348962665494703
1.1924634363665967 0.6235538546590554 1.4346945601878722 0.7775254445346544
