0.23842058469131702 0.30677658942978203 0.409338589210839 0.5756350744738923
0.2989180223555333 0.2866166652772251 0.1835885194868178 0.09589552216349262
0.22688518874394048 0.38217283471718844 0.11098876563150825 0.059254844128393144
0.3072819594531606 0.747436055420703 0.5225994013266247 0.4564056023249525
1.1576032285444493 1.0788904705217643 1.228728362831081 1.192329831123172
-0.03416113357576191 -0.10713197249763831 0.052700188497075535 0.10605369065744365
0.1965381802941442 0.1690353124795213 0.20353214740637013 0.419779887020436
0.05009826363031112 0.12186044113517805 -0.047670071310744355 0.2877101498883483
0.16932754107151518 0.0018205612959019944 -0.01729156115587651 0.21372153500294552
0.11956875383272662 0.018960551529309748 0.05563826654225268 -0.03565850621794794
0.002798869990154115 0.26171208774372423 0.40822908154766013 0.3614055974683415
0.22354491818840092 0.09345694841229045 -0.10767475103282706 -0.16247976549661594
0.07922711117481937 0.20717854371780417 0.054717714866552865 0.18528169090860744
0.034538694192916566 0.14051306330108504 -0.21386496490032708 0.06866524172641394
-0.0978224889186317 -0.0983208807086318 -0.029622071165264573 0.002668124913364972
0.4365508003113899 0.1559840130844786 0.17776184285619415 0.06706335325463768
-0.019249198392811133 -0.12116799188701223 -0.013204591351082682 -0.029004968399037847
0.9331561094658543 0.9964378382507374 0.9818832064697927 1.0121113182586452
0.1601994830573776 0.182210924635746 0.08495914555698257 -0.022987586521412605
0.008771216890298746 -0.0822141791436332 0.2710424261143634 -0.04063843077520062
0.17593152264020478 -0.16420092214955412 -0.27052144756202545 0.05365387230464701
1.1364181013843264 1.0908676870683431 1.1532875267965954 1.2554201084418817
0.33793362547677425 -0.021608649688112776 0.18369696611475755 -0.25371470180647876
1.085390142911732 1.4120932672306084 1.4518921778939406 1.4037276003170067
2.517945728954879 2.148398567187066 2.412662681355134 2.387015257813057
0.0334824331942591 0.020235174531299638 0.05302358091313127 -0.061178940070965325
0.33573738516789703 0.29194960302137307 0.0330717775445595 0.3155323312031531
0.15255678681305726 -0.02724553813725844 -0.11802727443955105 -0.0660532950362855
0.2655735552256705 0.03970470806516303 -0.140571353931407 0.18166884689228543
-0.2493070831179448 -0.020217983516890355 0.1622963154544036 -0.2509777584361622
0.17048468793586816 -0.06776555234979244 -0.03385755386137797 -0.09331870706100276
0.04551247003178695 -0.09757616237018295 0.099480458245519 0.14721585049694877
0.0699527954351306 0.08010649791854152 0.03880048656242292 -0.0317571303531125
-0.16549445832686452 -0.3426827046145001 0.1865541162819269 -0.03756188947091609
0.5075687341002859 0.39476236778388807 0.6836374658286416 0.28740685868362553
1.0505865409929873 0.9887848176828195 0.820114824647979 0.7643919204104992
0.2483017522376893 0.5122363122977701 0.7562819478284664 0.5715471086181596
0.26983259849713903 -0.11970072727872554 -0.07493851251698574 0.010912265684686942
0.2258528176939545 0.19225859392939187 0.11280521910155214 0.03252897256621831
0.025366284668765005 0.009532710399525655 -0.4468291678965902 -0.04349913207117442
0.1925371379413795 0.2019194406759843 0.44003215291975933 0.5171176705961975
1.5890883827325564 1.5102031304834314 1.754021823869838 1.5064601588266817
-0.06469835438152388 -0.024578057724686186 0.12623585971027043 -0.04740887857595328
0.1408399475224643 -0.15417345213106654 -0.03202494982856184 0.14274655038120018
0.32890112986646375 -0.003923710468070323 0.20312183766067934 -0.09925909151873061
0.707738822940102 0.8072328069087454 0.6459548994513051 0.7185628099419773
0.5463167229770988 0.6402552031559103 0.34472436181253596 0.5605799326311288
0.10864976020037152 -0.09695578167516068 -0.06123836900627482 0.04372039687768667
-0.019368478091856465 -0.10229756258563762 0.11643498472545957 0.1474160475500285
0.6611738391905022 0.7624834510147911 0.5804675832745327 0.6551770183110147
0.10455930267908715 0.11679991677759112 0.051038896150205855 0.1195482864649839
0.11942297423500149 0.37262395109524277 0.06039346119395332 -0.2288733352278166
-0.19626733191239024 0.0005263507679276749 0.06723988736139128 -0.08247939509739902
0.32104516250858767 -0.016487831447521292 -0.04655989479548052 0.024890127422400227
0.0003954179599130066 -0.030170956461847646 -0.3126764633764174 0.20941294316899092
0.979791815993095 1.0280236473454636 1.2391810873381237 1.034011963312138
0.7475080799633994 0.6498979236204345 0.25515997405799395 0.6875285653755219
1.8194975716354274 1.839317672781329 1.589112279985147 1.7448248636688466
0.34585030127243477 0.2764085183839432 0.2642054311219424 0.07525748212215949
1.1393240394942556 1.2160961656646716 1.2567858804860177 1.0780961410134144
0.029001002344343864 -0.2006638775643707 -0.2459216526873327 0.026297739044497174
0.3291724696121833 0.14774536474780903 0.022240108843291657 -0.17193065042771738
0.19993185253372373 -0.024770807547486482 -0.1660737008980735 0.09049984817940013
-0.003909601971110297 0.062062649370853616 -0.0716814279410935 0.045796223515336694
