0.23867628768499516 0.3072351813977774 0.4065720395105893 0.5749746860445482
0.2994594966297383 0.28725702362425154 0.1825714304633391 0.09582707385738393
0.22716594284522593 0.38243479148760406 0.1094907788615018 0.058862790589043215
0.3079146881168792 0.7478837353247616 0.5194600877660924 0.455501155948144
1.1581040193622247 1.0801173911878013 1.2194469542080848 1.189920972666225
-0.0344875172616234 -0.10732240779251419 0.05212875531650523 0.1057525300088609
0.19710558923358948 0.16927623166216496 0.20235148804513706 0.4194166592532283
0.050345539961506196 0.12209874937106109 -0.04818242822258126 0.28765688156371927
0.1693275410715038 0.001820561295901825 -0.017291561155879567 0.21372153500297233
0.11903397737838663 0.019042001213898995 0.05480187062872943 -0.03581152176039601
0.0022790479006074777 0.26182432616336476 0.4066514210539234 0.36101162067892684
0.2235449181883923 0.09345694841229177 -0.10767475103281429 -0.16247976549658968
0.07938411867154274 0.20711321275837838 0.05402801875283962 0.18499338728043666
0.034382707455928606 0.14023998008988975 -0.21445478552609856 0.06839187003695654
-0.0978224889186182 -0.09832088070862297 -0.029622071165266342 0.002668124913364964
0.43625748757844646 0.15624108396702627 0.17558468878165803 0.06655514071487852
-0.01911835659863586 -0.12123918312218156 -0.013410773320828883 -0.029084388158026782
0.9344172425046428 0.9976452871967579 0.9746899648638472 1.0102661861326452
0.16019948305738535 0.18221092463573105 0.08495914555697169 -0.022987586521411637
0.008771216890299414 -0.08221417914363446 0.2710424261143926 -0.04063843077519929
0.17593152264018516 -0.1642009221495681 -0.2705214475620385 0.0536538723046424
1.1376664094987037 1.0922661443809818 1.144382306304246 1.2532120792000465
0.3379336254768214 -0.0216086496881134 0.1836969661147407 -0.25371470180648975
1.0867800525655997 1.4136818376866354 1.4423366968822215 1.4013329742104774
2.519924924597475 2.151396760836939 2.3932339329837666 2.3821148591368244
0.03322566639576635 0.0202552283545047 0.05288858466382706 -0.061166282646503416
0.33573738546623366 0.29194960295476974 0.0330717777933681 0.31553233125408836
0.1525567868130433 -0.027245538137260817 -0.11802727443955402 -0.06605329503629041
0.2651739068705863 0.0395780732617403 -0.14235786974011078 0.18115930148684878
-0.24930708311794703 -0.02021798351689063 0.16229631545437703 -0.2509777584362158
0.17047578545845057 -0.06777164921429941 -0.03386082252246469 -0.0933230357239907
0.045910548423748934 -0.09752821334457575 0.09908718466951588 0.14710482417236662
0.06995279543513942 0.08010649791854305 0.03880048656242429 -0.031757130353107066
-0.16549445832687842 -0.3426827046144884 0.18655411628191995 -0.03756188947091549
0.5080193603742185 0.39547883608057305 0.6796905269439443 0.28646840606193114
1.0513957547550297 0.989839020394229 0.8129377303763281 0.7625450981210183
0.24919811312188525 0.5127760582440084 0.7532262630357607 0.5706620184706614
0.26983259849713814 -0.11970072727873055 -0.07493851251699067 0.010912265684686989
0.22542024103583538 0.1924345760921868 0.11066097289156832 0.03200852436938005
0.02536628466876486 0.009532710399524386 -0.44682916789659477 -0.043499132071172335
0.191782849595115 0.20226236880374054 0.43768525621119064 0.5165780616979007
1.5908419907677749 1.5124290158842049 1.7419041471180468 1.5035118583472051
-0.06469835438151905 -0.024578057724688646 0.12623585971026352 -0.04740887857595725
0.1408399475224391 -0.15417345213104827 -0.03202494982856501 0.142746550381198
0.3283470041167596 -0.0036862765724262926 0.2008782080954453 -0.09976063658470084
0.7092212172842388 0.8083927152461196 0.6418239621828183 0.7176493259507681
0.5461728762505833 0.6407309395519784 0.3401673934337592 0.5593855498650742
0.10864976020037018 -0.09695578167517167 -0.06123836900627852 0.043720396877684024
-0.019368478091858262 -0.1022975625856389 0.11643498472545939 0.14741604755004453
0.6613306484513437 0.7633662925113962 0.574798438123377 0.6538447863468507
0.1050045335662073 0.11747158300196452 0.050906791815732856 0.1198172049578777
0.11942297423501297 0.3726239510952464 0.06039346119395336 -0.2288733352277942
-0.19626733311382652 0.0005263507679277118 0.06723988736138242 -0.08247939509740251
0.3208772317679604 -0.01635875540906631 -0.048340335544775195 0.024412382749493526
0.0003954179599130022 -0.030170956461844967 -0.31267646337643196 0.2094129431689932
0.9811003279192633 1.0297264988055166 1.2315784327066082 1.0322678049306493
0.7478730205201249 0.650830368510968 0.24997585706364772 0.6863108687456053
1.821181724474463 1.8416386813662713 1.575618592502301 1.7414767663432495
0.3457360204286291 0.27672414439270354 0.2617711882133492 0.07470763323151244
1.140372999412174 1.2175030036162122 1.2479386956364176 1.0758869060377907
0.028999948131920476 -0.20066317719723628 -0.24592044015992667 0.026299510783926342
0.32916000693930664 0.14773322630107796 0.022240226359009754 -0.17193691334465203
0.19993185253371054 -0.024770807547485806 -0.16607370089806436 0.09049984817940246
-0.003909601971109749 0.06206264937085379 -0.0716814279410962 0.045796223515342335
