0.23366042126337377 0.3077327893563257 0.4028916927775553 0.574720288682359
0.2779481071648186 0.2554816416063522 0.15185265550420676 0.07267033876727927
0.21889680892635432 0.38335271517923064 0.10259637947926972 0.05898601726359835
0.29636221479090774 0.7591306906733909 0.5043190354763294 0.46238055139719086
1.1975384647058585 1.0996281142080884 1.2413672636869315 1.202996020180479
-0.013268731636185941 -0.08523333461608122 0.06453602073757203 0.1230799436136287
0.18130232453711065 0.1723209682389999 0.18186778110331273 0.4188435595184576
0.0390643060544515 0.11334061002988921 -0.06214401130663682 0.27940262198612453
0.16932754107151518 0.0018205612959019944 -0.01729156115587651 0.21372153500294552
0.1571192535903747 0.017893330158409923 0.08337943943287575 -0.03519243239345755
0.03269274883283859 0.2683693690364615 0.4273120056153644 0.3689908474337355
0.22354491818840092 0.09345694841229045 -0.10767475103282706 -0.16247976549661594
0.07709621447285067 0.22361720715481725 0.05421510769746016 0.19508197008164443
0.04664002885042332 0.16664123961735366 -0.18652409757406252 0.08892159098135605
-0.0978224889186317 -0.0983208807086318 -0.029622071165264573 0.002668124913364972
0.4738407565831852 0.15908010245292453 0.20580243657839592 0.06962025162729207
-0.03001964321553151 -0.11397212148104047 -0.008579616329834542 -0.023262570439637444
0.9222551674256231 1.0002102361729486 0.9520506719810833 1.0090441218086954
0.1601994830573776 0.182210924635746 0.08495914555698257 -0.022987586521412605
0.008771216890298746 -0.0822141791436332 0.2710424261143634 -0.04063843077520062
0.17593152264020478 -0.16420092214955412 -0.27052144756202545 0.05365387230464701
1.1265297975624573 1.0948287297964008 1.145363452483919 1.2530369170922122
0.33793362547677425 -0.021608649688112776 0.18369696611475755 -0.25371470180647876
1.0635780848582934 1.4150905655816925 1.4205433670966345 1.4022630531582947
2.53565964586499 2.1594906608531224 2.4079426828651367 2.3871393543935713
0.04430212308824214 0.016889913710629083 0.06488414298875671 -0.061499775277712464
0.3357372826389961 0.2919495805565808 0.03307177609570193 0.3155322820893744
0.15255678681305726 -0.02724553813725844 -0.11802727443955105 -0.0660532950362855
0.2972802579206073 0.06445295116550404 -0.09701024066911118 0.20011239869930872
-0.2493070831179448 -0.020217983516890355 0.1622963154544036 -0.2509777584361622
0.17071319046368214 -0.06761857457129308 -0.03365972417880297 -0.09315347786762056
0.028876838785568265 -0.09555166414098262 0.092511143562239 0.14644245044078857
0.0699527954351306 0.08010649791854152 0.03880048656242292 -0.0317571303531125
-0.16549445832686452 -0.3426827046145001 0.1865541162819269 -0.03756188947091609
0.5093209696291692 0.38900466941404477 0.6745546228453844 0.27925518532475646
1.057333789381652 0.998847833232711 0.8218834472170824 0.7705910504947502
0.22430172366130513 0.51849015351745 0.718425227022706 0.5734393252244823
0.26983259849713903 -0.11970072727872554 -0.07493851251698574 0.010912265684686942
0.25543456917827584 0.19764086727776878 0.1442172526287983 0.03994648495710886
0.025366284668765005 0.009532710399525655 -0.4468291678965902 -0.04349913207117442
0.23444320376182204 0.1996572711788785 0.45713231114222647 0.5196724800824688
1.570494670774876 1.4980221317613052 1.7168306408711993 1.4920251728274385
-0.06469835438152388 -0.024578057724686186 0.12623585971027043 -0.04740887857595328
0.1408399475224643 -0.15417345213106654 -0.03202494982856184 0.14274655038120018
0.37340214099656116 -0.002044800717085237 0.24900485944496623 -0.09303088853889457
0.6593343665919258 0.7834724830379305 0.5926480110071426 0.6954253552577863
0.5757037859928473 0.6567719186540236 0.3735572884314612 0.5751360873487296
0.10864976020037152 -0.09695578167516068 -0.06123836900627482 0.04372039687768667
-0.019368478091856465 -0.10229756258563762 0.11643498472545957 0.1474160475500285
0.6888489141537036 0.7609945053138716 0.6054560160812521 0.6552463764522438
0.07442427826451763 0.07072730086186078 0.012004800275163013 0.08472037429617381
0.11942297423500149 0.37262395109524277 0.06039346119395332 -0.2288733352278166
-0.19626571853786234 0.0005266356484918378 0.06724091894158929 -0.08247937356525327
0.3411233707472636 -0.009653461307016293 -0.02636187946610288 0.02922425250780981
0.0003954179599130066 -0.030170956461847646 -0.3126764633764174 0.20941294316899092
0.9508940804606125 1.0036869809258209 1.185721436549305 1.0124385203486632
0.7563252346095917 0.6421726167712821 0.255379442444553 0.6813927678166659
1.8154541789193943 1.8354888637443298 1.563816728822129 1.7362480544740873
0.3732296109130283 0.275354866737614 0.2879785799336831 0.07478347162612753
1.1415792023820248 1.2200396701521423 1.2462020056934155 1.0770584208497904
0.029180111970049105 -0.2008418350627532 -0.24573715756327927 0.026231663660403307
0.3297064461732595 0.14838623230981857 0.022893862423546695 -0.1712720181235215
0.19993185253372373 -0.024770807547486482 -0.1660737008980735 0.09049984817940013
-0.003909601971110297 0.062062649370853616 -0.0716814279410935 0.045796223515336694
