0.00557642128838761 0.08559228515685878 0.2799563217199261 0.01903211620989281
-0.10687172817275956 0.15969302144842865 0.10544716304345522 -0.13326934302700089
-0.07395197234685147 0.15510282639515083 -0.00842338442059043 -0.18685187027477054
0.009890976886923154 0.003433047588622661 0.04364165996543694 0.07954669348791264
0.29041678120331177 -0.16964019661559732 -0.09957712536643588 -0.022418367747816297
-0.07934071299767885 0.06251799756089645 0.09002328433648642 -0.15108717633378885
0.07850779281847595 0.0012246813477838291 0.1111412122517876 -0.034743280460349635
0.30073567202545926 0.007176844987576227 -0.1929311419903849 0.056649364573006046
-0.017796992052685253 0.032323596428022294 0.17546182689752426 -0.05412743188920247
-0.10197118911054588 -0.08870440665992983 0.014183366652479277 0.19304660022055592
-0.08385030571262517 -0.11265471572882008 -0.1019994663166087 -0.06560942139293556
0.20045095426700338 -0.00044088278110902503 -0.0843706554141329 0.021125752694429643
0.04407115211222872 -0.16320367136350697 -0.13991039759168863 0.018459898063387714
0.17984437314853813 -0.2552496576873895 -0.09272193043801523 0.03390609854725041
0.1717915654190076 -0.28531369248888083 0.08056776173786381 0.08200671543184122
0.11123742621799844 0.04486457655517372 0.03246906776291009 0.05015141123538773
0.08516304623153857 0.030873956909529727 0.0990726211603856 -0.1708344986372927
0.030059686663847965 -0.18683723118063916 0.0634641418746431 -0.0104151155570142
0.049751767211631645 -0.017458986773221857 -0.22691760884212242 0.003159364333659784
-0.05724125698892616 -0.08610061932143995 9.839893899999002e-05 0.06253047311672097
-0.295116866509709 0.14423293147282346 0.055995826740446536 0.1838523040253863
0.2619896852435186 -0.07098981701319362 -0.09604997339738426 0.11151044160666997
-0.16090418822180247 -0.1985330253554544 -0.18393995203698485 -0.061981942550751824
0.01698057738333361 -0.2178443435702641 0.00018721438357288195 -0.127769361745758
-0.1431302606218625 0.14125685255268738 -0.21849648409856517 0.1991089908455616
0.27985649512454724 0.13626428625880524 0.30654388744696925 0.2233064368010599
0.41759974502761327 -0.2730818816761013 -0.1631049925793075 0.008924833403446505
-0.29841804733951566 -0.1137381057436034 -0.07713617491019585 0.013447158565279583
-0.17399148431700137 -0.09164261897710156 -0.2943467313688828 0.3955781577311964
0.05325989852281508 0.02025651046469628 0.03128033119885982 -0.04509992798737077
-0.003360083241580938 0.00966437320101386 0.0403479432100513 0.038204714210263835
0.16881998944236185 -0.24563837352882514 -0.06347630468728904 0.14810006466088588
0.17227358472803028 0.09539377136260481 0.08591730413511765 -0.31001857238391306
0.17318177296750376 0.06138929605950175 0.019165273238036157 0.0096461417237242
-0.08035356812401827 0.1964080271935479 0.11871286850172874 -0.06612350895416474
0.09288669345106769 -0.02350243963769418 -0.023436780671228976 -0.10665260473585034
-0.37142576203449934 0.2623684778984279 0.02621058726365135 0.024950850777407847
0.021074594355645675 -0.06834071682320496 -0.23506641608463086 0.11530264038462486
-0.2564057651618099 0.43840572430950364 0.015390003448230946 -0.3965719333169079
0.06003486939500433 -0.015262553465949536 -0.021857446539296967 0.07154375171074943
-0.2829765104805091 0.13846364540427689 0.1359177353493084 -0.053547043695586306
0.11044578813042956 -0.16678617759942324 0.021649689173385327 0.3538366421825531
-0.030068428934501887 0.05555871703424512 0.2414224855284001 -0.09769769961485283
-0.27555441148266446 0.1667091271474323 0.00831513239514958 -0.07045276589074521
0.577426966942129 -0.11549331653139944 -0.16240526840953493 -0.06891580269536424
-0.30692095653653245 0.17011293217757115 0.035233679141950074 -0.2063822024204879
-0.3998369250422237 0.12250377213986881 0.0011892623728476954 0.14687216135385306
-0.02269075555120894 -0.02868680875208436 0.16647406288357297 -0.07057395851236403
0.0797817885753379 -0.010721373665576765 0.1139178998412273 0.02807716271478568
-0.0016029377218679977 0.15132469504890156 -0.14018043639930908 -0.18252727213953476
0.07745893843379836 0.0675591447382786 0.006922637511049937 -0.12626586826226793
0.15330461742761578 -0.3471684899027102 -0.05027687790706485 0.11810280374887479
0.1270095294136213 -0.04627212989658995 0.003188436528980601 0.050007537808986015
-0.03439606766521619 0.3021141902038446 0.14966248120969183 -0.25197402969603905
-0.14814565358071952 0.04233872623951234 -0.2167938865422629 -0.04637483461227342
-0.3404518509133866 0.15406577873040828 0.054395811369675015 0.23178769135527555
-0.0827709728564787 -0.06826212344788328 -0.0403564744404956 0.20115603063565451
-0.1862461461031166 -0.07908758200451248 0.00023058334866606002 0.09340141015618662
0.18556927977540758 0.0828987481058043 0.23325224442581594 -0.17815715331419277
0.15072288642624376 -0.07343154497788795 0.11202431275261067 -0.10708100784648918
-0.172955997279081 -0.16038707991776463 -0.3174684434671113 0.15691267206451018
-0.3774627538377925 0.27279395136889345 0.09688287901408317 -0.2514602673160668
0.1327485177272518 -0.13926039063390225 0.10316456876190834 0.14992880456833602
0.031449054762527184 -0.1723450376387296 -0.10726945775952476 0.03833248295070573
