0.23545858924096666 0.30755517053625264 0.40385622277805727 0.5749703776197497
0.2790366944217252 0.2553723378462697 0.15240672014182818 0.07280178018845555
0.21987718125591016 0.38325634830733013 0.10312673751016664 0.05912595978091493
0.29852757132695007 0.7589210370880995 0.5054975672616294 0.4626899378527562
1.2035110411079233 1.0990438351160179 1.2445715252286957 1.2038263891277905
-0.013127441775646615 -0.08524917782704801 0.06463527870670285 0.1231120338935239
0.1822613802568211 0.17222850753119964 0.18239021884813644 0.4189802880193292
0.039431929857420424 0.11330334318695505 -0.06195031796539759 0.279452319463987
0.16932754107151518 0.0018205612959019944 -0.01729156115587651 0.21372153500294552
0.15753676048868265 0.017848189905445188 0.08358613678960232 -0.035141019239713134
0.033649114844484976 0.2682751991606224 0.4278210553382676 0.3691252754214866
0.22354491818840092 0.09345694841229045 -0.10767475103282706 -0.16247976549661594
0.07748455401096238 0.2235813412819616 0.05444863734908711 0.195148475392319
0.04671318402124971 0.16663583619066102 -0.18645053555310312 0.0889534837120315
-0.0978224889186317 -0.0983208807086318 -0.029622071165264573 0.002668124913364972
0.4751599518988608 0.15894890428444802 0.20649874993486791 0.06980148861859702
-0.030009174232510875 -0.11397376831135131 -0.008565301130775567 -0.023254987697932446
0.927146143041516 0.9997346567264355 0.9546753492256566 1.0097204851878445
0.1601994830573776 0.182210924635746 0.08495914555698257 -0.022987586521412605
0.008771216890298746 -0.0822141791436332 0.2710424261143634 -0.04063843077520062
0.17593152264020478 -0.16420092214955412 -0.27052144756202545 0.05365387230464701
1.132390651896637 1.094257716177053 1.1485078251547312 1.253849929125249
0.33793362547677425 -0.021608649688112776 0.18369696611475755 -0.25371470180647876
1.0700862405335514 1.4144522856987138 1.4240444136944894 1.4031699697227935
2.5483273795983665 2.1582539384162973 2.41472054412329 2.388885166968243
0.04440080860564145 0.01687696716623835 0.06492952121795839 -0.06148786686017504
0.3357372826389961 0.2919495805565808 0.03307177609570193 0.3155322820893744
0.15255678681305726 -0.02724553813725844 -0.11802727443955105 -0.0660532950362855
0.29793711353541574 0.06438807988122129 -0.0966368430116602 0.20021625229799977
-0.2493070831179448 -0.020217983516890355 0.1622963154544036 -0.2509777584361622
0.17071319046368214 -0.06761857457129308 -0.033659713054145314 -0.09315347786762056
0.029158595423639497 -0.09557255764642693 0.09266247898993281 0.1464799350482831
0.0699527954351306 0.08010649791854152 0.03880048656242292 -0.0317571303531125
-0.16549445832686452 -0.3426827046145001 0.1865541162819269 -0.03756188947091609
0.5120393676449116 0.38873794869294015 0.6759961437303212 0.2796251677008346
1.0620399223305637 0.998389775654111 0.8244106269517275 0.7712444864733257
0.22662667547317397 0.5182643153966631 0.7196817330014317 0.573770538228165
0.26983259849713903 -0.11970072727872554 -0.07493851251698574 0.010912265684686942
0.2565213168964065 0.1975332165752077 0.14479716042989108 0.04009727741910278
0.025366284668765005 0.009532710399525655 -0.4468291678965902 -0.04349913207117442
0.23600394631002902 0.199497766239069 0.4579526660683782 0.5198824266121229
1.5788194513504537 1.4972082443401722 1.7212680985273505 1.493164431656832
-0.06469835438152388 -0.024578057724686186 0.12623585971027043 -0.04740887857595328
0.1408399475224643 -0.15417345213106654 -0.03202494982856184 0.14274655038120018
0.37458586996061966 -0.0021645288018214367 0.24962033297042857 -0.09287687304140911
0.6626629890989592 0.7831455188479001 0.5944172499532904 0.695872043718785
0.578367365319988 0.656505776706795 0.3749997787740086 0.5755150328486067
0.10864976020037152 -0.09695578167516068 -0.06123836900627482 0.04372039687768667
-0.019368478091856465 -0.10229756258563762 0.11643498472545957 0.1474160475500285
0.6923488258386057 0.760648799686116 0.6073193103679233 0.6557245335428158
0.07493794474845289 0.07067401083815872 0.01223477283645069 0.0847645727882721
0.11942297423500149 0.37262395109524277 0.06039346119395332 -0.2288733352278166
-0.19626571853786234 0.0005266356484918378 0.06724091894158929 -0.08247937356525327
0.3419915705949356 -0.009737076375818325 -0.025905186250239756 0.029341836855244635
0.0003954179599130066 -0.030170956461847646 -0.3126764633764174 0.20941294316899092
0.9563957726076919 1.0031436824064033 1.1886461677118185 1.0131833709289313
0.7595396712414756 0.6418551209063016 0.25709150168647993 0.6818304151069677
1.824467100384833 1.8346056203757783 1.5686345793106304 1.7374905302291737
0.37471547340711625 0.2752108650301888 0.28876675950321434 0.07498428430398148
1.147531765539997 1.2194573507850865 1.249390972968347 1.0778825953377047
0.029180111970049105 -0.2008418350627532 -0.24573715756327927 0.026231663660403307
0.3297064461732595 0.14838623230981857 0.022893916868305303 -0.1712720181235215
0.19993185253372373 -0.024770807547486482 -0.1660737008980735 0.09049984817940013
-0.003909601971110297 0.062062649370853616 -0.0716814279410935 0.045796223515336694
