0.23394851952012716 0.3074278060960194 0.40200147048405743 0.5744790018955769
0.27850984139838714 0.2556093163470141 0.15145423004291697 0.07292978974280663
0.21910342170520286 0.3832030081892849 0.10225635390593454 0.05886050326998528
0.2965253128040325 0.7586549852863029 0.5034605990158233 0.46191910996146296
1.1974115036018507 1.098391572123871 1.238312412391986 1.20202923562427
-0.0137259752389625 -0.08548437180556359 0.06449541397894193 0.12273532039654071
0.1815058965303295 0.17213528314041787 0.1816570642406515 0.41867465850180957
0.03937715989349505 0.11339529363529881 -0.062212836856322236 0.2794708739668003
0.1693275410715038 0.001820561295901825 -0.017291561155879567 0.21372153500297233
0.1567580550224325 0.01786344394927199 0.08281061111169963 -0.035153567391701626
0.03230115902652942 0.26812078492453295 0.42646809074972153 0.368760364903233
0.2235449181883923 0.09345694841229177 -0.10767475103281429 -0.16247976549658968
0.07695632409306741 0.22337734823370553 0.05418896825167555 0.19477951711755095
0.04637676072285994 0.16637608183034655 -0.18664012776554464 0.0885311437826805
-0.0978224889186182 -0.09832088070862297 -0.029622071165266342 0.002668124913364964
0.47346165757935704 0.15881895720922226 0.20486593090558017 0.06948483523981028
-0.029771925155775952 -0.11403468196692373 -0.00862795073396175 -0.023359412408621504
0.9227776636416803 0.9993455393670722 0.9499770208243186 1.008382865246087
0.16019948305738535 0.18221092463573105 0.08495914555697169 -0.022987586521411637
0.008771216890299414 -0.08221417914363446 0.2710424261143926 -0.04063843077519929
0.17593152264018516 -0.1642009221495681 -0.2705214475620385 0.0536538723046424
1.1273391248002567 1.0938676494831314 1.1424051878088204 1.2522156908802813
0.3379336254768214 -0.0216086496881134 0.1836969661147407 -0.25371470180648975
1.0646053334076517 1.4140493262814116 1.417346274622898 1.4013054870306094
2.536704861112121 2.1572909102330606 2.4016561101334992 2.385475581572933
0.04424261778808998 0.016924284225216267 0.06457650003394516 -0.06147357488615268
0.3357372826389978 0.2919495805565883 0.0330717760957076 0.31553228208938655
0.1525567868130433 -0.027245538137260817 -0.11802727443955402 -0.06605329503629041
0.296936305304754 0.06413292330769277 -0.09753712964994617 0.19973817111857392
-0.24930708311794703 -0.02021798351689063 0.16229631545437703 -0.2509777584362158
0.17071218826988893 -0.06762178370331981 -0.03366419371312288 -0.09315785219439257
0.02902896111467323 -0.09566414935930233 0.09249324925090084 0.14636136070346384
0.06995279543513942 0.08010649791854305 0.03880048656242429 -0.031757130353107066
-0.16549445832687842 -0.3426827046144884 0.18655411628191995 -0.03756188947091549
0.5095446508562191 0.38861223303961884 0.6731244432429447 0.2790552276688105
1.057680663820019 0.9979799951457403 0.819541732819259 0.7698130304794805
0.22468445283664512 0.5180388556138964 0.7175056637981887 0.5730329183954107
0.26983259849713814 -0.11970072727873055 -0.07493851251699067 0.010912265684686989
0.25522894859309786 0.19744749333517275 0.14338266419255938 0.039760488403573296
0.02536628466876486 0.009532710399524386 -0.44682916789659477 -0.043499132071172335
0.23411368207195515 0.1994283673685858 0.455928533178862 0.5194658318887089
1.5716604153944778 1.4967131874528907 1.7128021855018527 1.4910817210798932
-0.06469835438151905 -0.024578057724688646 0.12623585971026352 -0.04740887857595725
0.1408399475224391 -0.15417345213104827 -0.03202494982856501 0.142746550381198
0.37303477099551013 -0.0022850448626915328 0.24789859943781561 -0.093167824116351
0.6604442771767766 0.7831084476250384 0.5913582720924642 0.6952304052042408
0.5756883347345503 0.6562001937691394 0.3719604684658784 0.5745414044283392
0.10864976020037018 -0.09695578167517167 -0.06123836900627852 0.043720396877684024
-0.019368478091858262 -0.1022975625856389 0.11643498472545939 0.14741604755004453
0.6890325743710366 0.7604569655240132 0.6033076633075508 0.654831488328898
0.07529329954841255 0.07115435785057354 0.011828338876280932 0.08528910102343522
0.11942297423501297 0.3726239510952464 0.06039346119395336 -0.2288733352277942
-0.1962657185378828 0.0005266356484917292 0.06724091894157869 -0.08247937356525147
0.34097290600718916 -0.009904706062427607 -0.026810515443016138 0.029128640880214086
0.0003954179599130022 -0.030170956461844967 -0.31267646337643196 0.2094129431689932
0.9520268248216054 1.002988561921618 1.1831700919506654 1.0119849369071956
0.7568454737579009 0.6417269511892452 0.2538159927713389 0.6810892690232578
1.816652577965881 1.834013304121415 1.5594651631862093 1.7351432870306192
0.37305604939004977 0.27509735483438125 0.28694983020264714 0.07466375035450719
1.1421433258975304 1.219004464891938 1.2432224464059192 1.0762215609864365
0.02917733093094612 -0.2008410142876477 -0.24574425729098962 0.026234608806783948
0.3297060647622118 0.14837671019648113 0.022880985954212278 -0.17128338579838776
0.19993185253371054 -0.024770807547485806 -0.16607370089806436 0.09049984817940246
-0.003909601971109749 0.06206264937085379 -0.0716814279410962 0.045796223515342335
