0.20762705728378486 0.290675592799122 0.385281020623382 0.5624747001486619
0.379146846856794 0.32626175257679146 0.1938728502203499 0.12589515783237057
0.23950038482074448 0.375884421979636 0.10561371814517041 0.05347195618391153
0.29974723933998015 0.7231419391992109 0.5185678783088008 0.4299913351773983
1.0557213148605424 1.0248887101437807 1.1616556137279237 1.1322137905610663
-0.1043696922725769 -0.13827774472540563 0.03939519593195005 0.07918807114356888
0.2396659046830361 0.16465573324789964 0.21887699419871556 0.41518653570827
0.07526523569701497 0.13128694591466536 -0.0462067814624359 0.29641994624567275
0.16932754107151518 0.0018205612959019944 -0.01729156115587651 0.21372153500294552
0.05393244772265637 0.013357781214402616 0.03262958388300253 -0.040855067318577847
-0.10607152081452575 0.24378212719088 0.36998682574202696 0.34528630874607547
0.22354491818840092 0.09345694841229045 -0.10767475103282706 -0.16247976549661594
0.08104142390820689 0.18958292065246016 0.05725024406910034 0.16934373567695493
0.013166928787827993 0.1062044398443207 -0.21951833178751406 0.04054439270642546
-0.0978224889186317 -0.0983208807086318 -0.029622071165264573 0.002668124913364972
0.40243948244633676 0.14748355834800114 0.1523360305400992 0.05666146624810156
-0.023956885342845645 -0.1402762650295099 -0.01302644740227232 -0.04200823489327981
0.9411174441161367 0.9740679242425981 0.9565508677771957 0.9808678871832529
0.1601994830573776 0.182210924635746 0.08495914555698257 -0.022987586521412605
0.008771216890298746 -0.0822141791436332 0.2710424261143634 -0.04063843077520062
0.17593152264020478 -0.16420092214955412 -0.27052144756202545 0.05365387230464701
1.1172982401284326 1.0474358956163257 1.107581397133315 1.2077566419664065
0.33793362547677425 -0.021608649688112776 0.18369696611475755 -0.25371470180647876
1.0514609965279793 1.3637491834552862 1.4032370248867845 1.3530558737755034
2.405991060618504 2.0605567559140785 2.291057387565661 2.2859161895699276
0.009146204835281694 0.017872972576135696 0.04421979476048868 -0.06234098733905704
0.33576254203251904 0.2919548010815704 0.033121447301401936 0.31552714784473723
0.15255678681305726 -0.02724553813725844 -0.11802727443955105 -0.0660532950362855
0.20738928876289636 0.0025782858135696427 -0.16835287935992965 0.15087249299994637
-0.2493070831179448 -0.020217983516890355 0.1622963154544036 -0.2509777584361622
0.16978176935474765 -0.06810086998565405 -0.03416387696937038 -0.09372541478811336
0.06896583617032326 -0.09741936400755326 0.10723295786264143 0.14454395073915768
0.0699527954351306 0.08010649791854152 0.03880048656242292 -0.0317571303531125
-0.16549445832686452 -0.3426827046145001 0.1865541162819269 -0.03756188947091609
0.48014293493262916 0.384153098728392 0.6560745494140885 0.27230167959751067
1.0406916732885856 0.951613956375088 0.787456352041058 0.7204062097251666
0.24809274876495965 0.48869810056027935 0.758287851243471 0.5482635967739632
0.26983259849713903 -0.11970072727872554 -0.07493851251698574 0.010912265684686942
0.141653720428251 0.17012201906337301 0.07590851613658824 0.012131142318256617
0.02536524901028956 0.0095324164010205 -0.4468298738130333 -0.04349935631342123
0.07934110899480894 0.19086294125944214 0.3874193186615304 0.5070492180675044
1.5738134505294128 1.47988537750552 1.6925107289419716 1.4615670687356588
-0.06469835438152388 -0.024578057724686186 0.12623585971027043 -0.04740887857595328
0.1408399475224643 -0.15417345213106654 -0.03202494982856184 0.14274655038120018
0.2420034669116004 -0.019505849835899685 0.1634729706783435 -0.11652414602148432
0.8329855926856116 0.8312992909911632 0.6614676161845234 0.7294445939709494
0.46972854505012923 0.5960800151647434 0.2969464627745777 0.5208196241462234
0.10864976020037152 -0.09695578167516068 -0.06123836900627482 0.04372039687768667
-0.019368478091856465 -0.10229756258563762 0.11643498472545957 0.1474160475500285
0.579411627070595 0.7372068846465402 0.5313894920405227 0.6249433636479748
0.18039627992036264 0.1730358030403221 0.05614521633933579 0.168160531239892
0.11942297423500149 0.37262395109524277 0.06039346119395332 -0.2288733352278166
-0.19629552518678545 0.0005151722393406767 0.06721574273107347 -0.08248840554445065
0.29281724829562683 -0.026101636025313398 -0.0716372863696076 0.012410950986617911
0.0003954179599130066 -0.030170956461847646 -0.3126764633764174 0.20941294316899092
1.00259022508624 1.0310537735340815 1.2021611191266959 1.0254970376751489
0.7372112301825082 0.6467579136921968 0.21268285182241795 0.6768904449184181
1.7989115436120424 1.79768838979082 1.5175648356446685 1.6888562978408679
0.2967437378563749 0.27169703299022385 0.2375984163155051 0.06441476870622086
1.1036649424607943 1.1776009247026311 1.206050430356488 1.032630259058008
0.029492658638716897 -0.19863127933473917 -0.24908869058703942 0.027504248861528975
0.3281784025309107 0.1471843808272041 0.021831072674449944 -0.1725899647116801
0.19993185253372373 -0.024770807547486482 -0.1660737008980735 0.09049984817940013
-0.003909064323045731 0.0620637519466239 -0.07168237222683461 0.04579766937721768
