-0.03982725760813911 0.19748168272110048 0.20762443438359987 -0.16113918802509042
-0.048080028134512155 -0.19164669875333631 -0.03431125993253418 0.17145514010361437
0.16961990174437244 1.1225701062264275 0.7331674199686766 0.7735184016166414
-0.09611662779698009 -0.12825368232886183 -0.1737396876048422 0.03693785051202478
-0.07328779222452167 0.19406754291767617 0.03530885730736649 -0.5485985832340082
0.28699732721922827 0.6769243813489325 0.2878455545159393 0.5623501016401773
-0.010987209733639427 -0.01376886785187733 -0.0779603993566825 0.03384780729226399
0.16463830959894224 -0.060851912989039775 -0.04700272606214533 -0.19485891374259612
-0.051773995757724574 0.09539272897952471 0.08717016342186147 -0.12095255328850425
-0.16823878086490507 -0.027289195964400527 -0.2252622178498971 0.18178767227719692
-0.26537942803646747 1.078871272536543 -0.1825343561544074 0.2831968874978114
1.1986419542752014 0.20212050384004807 1.3189542249430037 1.0114070958140173
-0.1391305930492877 0.3448664739865131 -0.22919660312042875 0.026923814664665296
-0.10717097244270514 -0.27807367441369185 0.12468522580643909 0.274244597833001
2.2122719941297175 1.8259927038580088 2.2296571315227443 1.888890142985496
1.2365262706630455 2.3708489182345627 1.3215505243315697 1.297748099812582
0.3327495636758622 0.25460539745805905 0.0641122388782172 -0.18382274587244937
0.9197165580035188 1.9193595572547375 1.26853759313769 2.1109363089197304
-0.14537192762102338 0.10276078305431895 -0.07237872796948144 0.05584313206454776
0.574593474415683 0.6204698548374091 0.38570832472310473 0.3063232048111621
-0.5522338624022871 -0.17100856973430145 0.14496196648301607 0.0688427876591819
-0.04755177329956062 -0.4282464864607898 -0.4057818823622145 0.09621439632328958
4.046178040132062 3.6537172354331156 4.299822501752891 4.450570987226982
0.26629284775219103 0.3328239980519214 0.37449496837347307 0.012537826248919203
0.2816144831396552 -0.07512397791944626 0.08431525813407904 -0.03380554748847135
0.2865143813994755 -0.08394992549993717 0.00036800258451491307 -0.2345614787305858
0.04842966507839739 0.4188131511766745 0.4013211127715112 -0.3651403137595178
0.24188208899453295 -0.03866689953866397 -0.03670065164150719 -0.022666313746034537
1.439836336198057 0.45900854997939067 1.4852291727274498 1.8778121619483255
-0.436904933493142 0.5966489156708362 -0.045294055549657035 0.10605032157521603
0.7100154449820292 1.9219820688317686 0.9980350433345907 1.7033858721821187
-0.4630701611630489 0.5514961650991429 -0.15607994848038106 0.5987317065018957
-0.03740589937509992 -0.00456226681241123 0.20849458680988664 0.5021276567532625
0.18463449317731254 0.2637009689109548 -0.4240905028815391 0.039577736356504134
2.42754557242606 2.56889199407206 2.5043212263191577 2.5765421417146714
-0.09169520653138129 0.059360023901799924 0.1394887854747374 0.12598413898563687
0.023529590748364464 -0.048275181328021624 -0.15623647966340554 -0.03321230652420001
0.09682071197492928 -0.2522959829582467 0.36467783475314813 1.0917579378810855
-0.5244043767585362 0.2615613771067073 -0.14438152597869325 0.5588794720824531
1.8830116287714518 2.2051945159772743 1.9975343436678994 1.509814571185235
-0.3300429632438282 0.5510230471398718 -0.14977231350981934 0.1972653527249321
2.3201470081469506 2.511294716256427 2.158172783490624 2.1559286643015887
0.18315026829183848 -0.053673423681147435 -0.01124143745168651 0.03869840324108682
-0.13913902797634778 -0.34205142425416574 -0.18929276995552183 -0.30430469577202757
2.1049068257166037 2.2554295267896785 1.9605558894406154 2.133504477171138
0.688500580622612 0.201697773704251 0.8617652699808277 0.5192791227278993
-0.01648994285199579 -0.18335441451870632 -0.07971492992838115 -0.06566288217420249
-0.02440573620286221 0.2918925571161931 -0.020391644353760195 -0.14281352571408804
0.03955836761467977 0.2225374936165007 -0.08953437827582374 0.01060020548661512
-0.09919656832996505 -0.21853589470425192 0.10616184745717301 -0.20583887922450206
1.035559333372276 0.8322320545914412 0.9202169163318459 0.8869042781521581
0.40359203403985405 0.053509581678147025 0.07298847217480724 -0.2904229892718434
-0.26859682823796477 -0.4986814066448604 -0.02909573599894738 0.55271168906279
0.1296331814480069 0.02456710793574132 0.3099384437311171 -0.3415811264794503
2.2223566968015573 3.0277633112186173 1.9166392028209027 1.9222737812491661
0.15081444463858992 0.2087958225345931 -0.1536817214292376 -0.04612191353033602
0.8553410622368978 0.7855284330371137 0.9675526145270544 0.325160000111005
0.09358093713809658 0.002652063429401873 0.03705501260299359 -0.02719708803970952
0.020727070634637346 0.005157573286378404 -0.035575592525270525 0.2471469115801878
-0.28103491422318566 -0.032645792850928154 0.015577841298578648 -0.21197176655138622
2.334675585178972 0.8818653167138184 2.0218921149601354 1.4222687601421244
-0.24060239556502958 0.223232418979125 0.007512988882761528 0.07375120870126489
2.5090315118745212 1.6160407432592276 1.9258583297232723 1.6765032820229533
1.3963942968647338 0.6947960068330518 1.3939651826365598 0.8990280528708525
