-8.8
-21.7
-10.250000000000002
-19.7
-21.35
-20.25
-21.7
-19.25
-21.25
-19.25
-21.900000000000002
-19.7
-18.25
-20.7
-23.0
-21.1
-21.8
-21.7
-22.8
-20.35
-19.8
-20.25
-20.150000000000002
-19.35
-21.150000000000002
-20.7
-21.150000000000002
-22.0
-9.900000000000002
-10.900000000000002
-20.150000000000002
-19.150000000000002
-21.150000000000002
-20.25
-19.150000000000002
-21.45
-20.7
-8.3
-19.150000000000002
-21.0
-11.150000000000002
-20.7
-22.35
-20.900000000000002
-21.150000000000002
-19.150000000000002
-10.650000000000002
-19.150000000000002
-21.150000000000002
-21.7
-20.150000000000002
-21.7
-9.250000000000004
-19.7
-20.25
-20.7
-20.150000000000002
-22.25
-19.150000000000002
-20.150000000000002
-19.150000000000002
-19.150000000000002
-22.35
-21.0
-20.6
9.949999999999992
-22.85
-11.150000000000002
-22.25
-21.150000000000002
-20.7
-21.7
-22.25
-18.25
-20.150000000000002
-12.000000000000004
-21.150000000000002
-20.150000000000002
-21.25
-21.150000000000002
-21.150000000000002
-21.900000000000002
-21.7
-21.150000000000002
-19.0
-18.25
-10.900000000000004
-20.150000000000002
-22.25
-20.25
-9.800000000000002
-23.0
-9.350000000000005
-21.35
-22.25
-21.150000000000002
-11.100000000000003
-21.150000000000002
-21.150000000000002
-21.150000000000002
-9.8
-9.200000000000001
-20.150000000000002
-20.35
-22.650000000000002
-21.7
-20.7
-21.150000000000002
-20.35
-20.7
-21.25
-9.500000000000002
-22.25
-20.3
-20.7
-19.7
-22.450000000000003
-21.900000000000002
-22.25
-19.7
-22.35
-22.25
-21.900000000000002
-21.35
-21.25
-20.0
-22.55
-23.55
-20.45
-22.0
-22.25
-21.8
-20.7
-20.25
-21.150000000000002
-22.75
-22.8
-21.150000000000002
-20.45
-22.400000000000002
-22.8
-12.350000000000001
-20.7
-21.7
-9.200000000000001
-20.7
-20.45
-21.7
-8.150000000000013
-22.25
-21.150000000000002
-23.0
-19.7
-10.000000000000005
-12.800000000000002
-19.7
-18.35
-11.450000000000005
-11.800000000000004
-23.0
-21.1
-20.8
-21.8
-21.7
-18.8
-21.55
-9.950000000000003
-21.150000000000002
-10.700000000000003
-11.000000000000004
-21.7
-21.7
-21.7
-21.75
-21.7
-20.85
-23.0
-20.7
-21.7
-21.150000000000002
-10.150000000000002
-22.25
-21.150000000000002
-19.7
-20.35
-21.150000000000002
-19.150000000000002
-21.25
-21.150000000000002
-9.65
-21.7
-10.700000000000003
-22.900000000000002
-21.7
-21.25
-21.7
-20.8
-12.150000000000013
-21.8
-20.7
-20.25
-11.500000000000012
-9.200000000000001
-22.25
-20.25
-19.8
-20.45
-21.7
-22.25
-9.65
-20.55
-23.0
-22.1
-11.250000000000004
-21.150000000000002
-19.8
-21.150000000000002
-21.7
-20.25
-21.150000000000002
-21.25
-21.7
-21.1
-21.150000000000002
-19.7
-20.1
-21.8
-20.7
-21.900000000000002
-21.150000000000002
-20.8
-21.25
-21.150000000000002
-21.150000000000002
-22.25
-20.45
-21.1
-22.25
-12.350000000000005
-21.8
-21.7
-21.7
-21.25
-20.8
-20.150000000000002
-20.25
-22.25
-21.85
-21.8
-8.850000000000001
-20.25
-22.8
-22.25
-22.85
-21.900000000000002
-8.8
-22.0
-19.150000000000002
-18.7
-19.400000000000002
-22.05
0.24999999999999645
-21.8
-22.8
-20.8
-22.950000000000003
-23.1
-22.25
-21.85
-21.7
-21.8
-10.400000000000006
-11.700000000000015
-21.25
-21.7
-19.25
-21.75
-19.45
-20.25
-21.900000000000002
-18.900000000000002
-22.450000000000003
-23.35
-21.200000000000003
-9.8
-22.6
-21.35
11.749999999999993
-9.800000000000004
-11.000000000000004
-21.1
-20.8
-21.45
-21.35
-20.25
-21.25
-23.450000000000003
-21.7
-20.8
-21.45
-22.25
-22.25
-8.700000000000001
-22.25
-21.150000000000002
-22.8
-19.8
-21.35
-23.950000000000003
-22.8
-22.8
-22.8
1.7499999999999858
-21.200000000000003
-23.3
-11.000000000000005
-21.25
-21.7
-21.25
-21.150000000000002
-20.7
-20.25
-11.000000000000004
-10.100000000000001
3.0999999999999925
-23.1
-10.400000000000004
-22.55
-11.50000000000001
-20.55
-20.900000000000002
-10.150000000000002
-8.850000000000001
-20.7
-21.55
-21.7
-22.450000000000003
-12.250000000000004
-21.7
-22.8
-8.800000000000004
-21.25
-21.35
-22.8
-10.850000000000005
-22.200000000000003
-21.8
-21.8
-22.25
-18.45
-21.25
-19.7
-12.000000000000007
-21.7
-22.25
-21.150000000000002
-8.600000000000001
-20.650000000000002
-21.900000000000002
-22.25
-21.150000000000002
-21.450000000000003
-12.000000000000005
-22.75
-20.8
-21.55
-19.7
-22.25
-8.650000000000002
-20.55
13.099999999999984
-21.25
-21.85
-21.7
-18.35
-22.25
-21.35
-20.900000000000002
-23.200000000000003
-10.750000000000007
-19.7
-23.400000000000002
-20.900000000000002
-9.550000000000002
-22.0
-18.8
-22.8
-21.3
-22.450000000000003
-10.400000000000002
-20.85
-20.0
-22.25
-22.25
-9.8
-20.8
-20.25
-20.7
-22.25
-10.450000000000003
-22.25
-20.8
-22.8
-10.250000000000002
-21.150000000000002
-20.7
-23.0
-21.150000000000002
-21.0
-21.55
-11.450000000000003
-9.300000000000006
-21.150000000000002
-20.25
-21.35
-21.900000000000002
-22.25
-21.75
3.3499999999999943
-0.050000000000007816
-22.1
-21.7
-22.450000000000003
-22.25
-21.8
-22.900000000000002
-21.650000000000002
-23.450000000000003
-21.35
-21.25
-22.25
-21.650000000000002
-21.8
-21.75
-21.8
-21.0
-20.25
-20.25
-20.950000000000003
-8.850000000000001
-21.900000000000002
-22.650000000000002
0.9999999999999964
-22.55
-7.900000000000011
-21.7
-22.35
-22.8
-20.650000000000002
-20.400000000000002
-23.65
-20.25
-20.25
-22.900000000000002
-21.0
-21.150000000000002
-21.7
-22.25
-22.25
-21.150000000000002
-20.900000000000002
-21.7
-20.25
-22.25
-21.7
-20.35
-20.7
-20.7
-21.7
-22.25
-8.650000000000002
-20.900000000000002
-9.900000000000006
-20.650000000000002
-21.25
-21.25
-22.25
-22.25
-22.55
-20.25
-21.45
-8.450000000000003
-23.1
-22.200000000000003
-21.35
-21.75
-22.8
-21.7
-20.35
-21.900000000000002
9.699999999999996
-21.7
-10.000000000000002
-22.650000000000002
-21.25
-12.500000000000004
-21.35
-21.85
-10.100000000000003
-20.25
-23.0
-22.75
-21.8
-21.25
-20.900000000000002
-19.7
-21.7
-21.400000000000002
-19.8
-22.25
-21.8
-9.400000000000002
-9.3
-21.8
-22.25
-21.1
-20.25
-20.25
-22.85
-22.25
-11.000000000000004
-22.400000000000002
-20.25
-14.000000000000004
-12.350000000000005
-21.150000000000002
-20.7
-10.550000000000002
-10.650000000000002
-20.8
-11.000000000000004
-22.45
-20.35
-21.900000000000002
-21.25
-21.25
-22.25
-11.700000000000003
-20.7
-12.250000000000004
-22.450000000000003
-20.8
-22.55
-21.7
-21.7
-22.200000000000003
-21.35
-21.650000000000002
-18.35
-22.25
-22.8
-10.40000000000001
-8.850000000000009
-22.8
-23.05
-21.200000000000003
-22.8
-20.35
-22.75
-19.25
-11.250000000000004
-22.25
-22.900000000000002
-21.75
-22.1
-22.25
-22.8
-23.0
-22.1
-10.200000000000006
-22.8
-22.1
-19.75
-19.45
-23.450000000000003
-10.950000000000005
-21.6
-21.7
-8.75
-20.25
-22.35
-23.45
-20.7
-11.300000000000002
-20.7
-9.050000000000008
-22.900000000000002
-21.25
-21.8
-23.0
-22.900000000000002
-22.0
-22.450000000000003
-22.25
-23.0
-22.8
-20.8
-22.200000000000003
-22.25
-20.25
-21.35
-19.25
-8.5
-23.75
-20.25
-22.25
-20.25
-11.400000000000004
-22.25
-19.8
-21.75
-20.0
-21.900000000000002
-20.3
-23.05
-21.25
-23.85
-23.1
-22.900000000000002
-20.25
-20.45
-21.0
-20.650000000000002
-21.450000000000003
-22.450000000000003
-0.20000000000000462
-0.05000000000001137
-20.400000000000002
-12.150000000000016
-23.3
-21.35
-22.7
-8.8
-23.3
-22.200000000000003
-21.55
-20.45
-21.25
-20.200000000000003
-22.25
-21.85
-20.900000000000002
1.149999999999995
-22.1
-20.400000000000002
-9.15000000000001
-21.1
-10.600000000000003
-22.8
-20.45
-22.25
-22.8
-18.950000000000003
-21.7
-20.25
-21.900000000000002
-22.650000000000002
-8.3
-23.65
-21.45
-21.7
-9.55
-8.850000000000003
-20.8
-1.1000000000000085
-22.8
-20.0
-10.000000000000005
-20.900000000000002
-9.90000000000001
-22.35
-22.8
-21.35
-21.200000000000003
-12.100000000000005
-22.450000000000003
-22.450000000000003
-22.75
-21.1
-19.45
-22.8
-22.200000000000003
-23.700000000000003
-22.8
-22.450000000000003
0.04999999999999716
-22.8
-22.25
-22.25
-22.8
-22.25
-19.8
-20.900000000000002
-19.0
-23.35
-22.900000000000002
-9.200000000000008
-20.7
13.149999999999991
-20.900000000000002
-20.900000000000002
-11.200000000000005
-24.499999999999993
-22.400000000000002
-22.25
-9.900000000000006
-18.900000000000002
-21.900000000000002
-10.400000000000004
-11.100000000000003
-21.25
-7.105427357601002e-15
-10.000000000000002
-0.7500000000000036
-21.200000000000003
-21.450000000000003
-12.400000000000002
-22.25
-21.0
-21.200000000000003
-23.3
-21.7
-22.25
-21.55
-23.3
-20.900000000000002
-11.100000000000005
-13.050000000000004
-12.450000000000003
-21.900000000000002
-21.0
-21.950000000000003
-22.450000000000003
-21.05
-23.0
-19.45
-21.85
-21.85
-11.100000000000003
-9.700000000000003
-10.500000000000002
-21.650000000000002
-20.0
-10.300000000000002
-20.900000000000002
-11.450000000000003
-22.0
-0.9000000000000021
-20.85
-20.5
-9.000000000000004
-22.0
-9.200000000000005
-9.55
-21.25
-22.450000000000003
-11.950000000000012
-22.1
-20.45
-21.450000000000003
12.649999999999991
-9.950000000000006
-23.0
-23.0
-21.900000000000002
-21.1
-21.650000000000002
-8.000000000000005
-23.400000000000002
-23.0
-22.650000000000002
-21.650000000000002
-9.650000000000002
-22.0
-19.25
-12.100000000000005
-24.0
-22.450000000000003
-23.0
-22.25
-1.95000000000001
-10.250000000000002
-22.55
-22.450000000000003
-22.25
-1.5000000000000107
3.3499999999999908
-23.200000000000003
-10.000000000000005
-21.3
-12.000000000000005
-21.85
-21.400000000000002
-20.950000000000003
-21.75
-22.8
-11.65000000000002
-23.0
-22.35
-9.3
-23.200000000000003
-23.450000000000003
-9.750000000000002
-22.450000000000003
-8.950000000000006
-21.450000000000003
-10.300000000000002
-11.950000000000006
-18.950000000000003
-10.850000000000003
-8.700000000000005
-22.1
-8.000000000000004
-22.650000000000002
-23.950000000000003
-22.85
-20.75
-21.25
-20.950000000000003
-20.05
-23.0
-21.25
-20.950000000000003
-22.8
-22.650000000000002
-8.100000000000007
-23.75
-21.35
-20.650000000000002
-21.650000000000002
-23.0
-23.95
-20.55
-21.35
-8.5
-21.900000000000002
-22.25
-8.9
-11.000000000000004
-23.650000000000002
-9.400000000000002
-23.85
-9.250000000000002
-21.200000000000003
-22.35
-23.400000000000002
-23.75
0.09999999999999432
-22.25
-21.650000000000002
-20.35
-22.2
-20.75
-22.85
-21.95
-11.000000000000005
-20.650000000000002
-1.7000000000000064
-18.650000000000002
-22.25
-11.950000000000008
-20.650000000000002
-10.800000000000004
-9.650000000000002
-22.650000000000002
-22.35
-21.45
-11.200000000000008
-19.85
-10.05000000000001
-8.850000000000001
-10.900000000000004
-20.900000000000002
-21.55
-22.55
-20.8
-7.500000000000005
-14.95
-21.25
-22.8
-23.150000000000002
-22.3
-22.85
-18.0
-21.75
-21.450000000000003
-19.5
-11.50000000000001
-20.900000000000002
-22.85
-20.950000000000003
-21.8
-8.05
-21.450000000000003
-22.1
-21.150000000000002
-20.650000000000002
-19.95
-11.650000000000006
0.6999999999999922
1.0499999999999865
0.9499999999999886
-22.900000000000002
-21.900000000000002
-23.200000000000003
-20.3
-23.5
-23.650000000000002
-21.650000000000002
-21.200000000000003
-22.75
-22.65
-21.8
-21.0
-20.8
-23.85
-9.400000000000006
-21.1
-20.150000000000002
-20.8
-20.75
-9.55
-12.000000000000005
-20.75
-22.75
-22.8
-20.85
-11.550000000000006
-11.700000000000003
-21.55
-8.750000000000002
-11.950000000000012
-22.25
-21.95
-13.850000000000003
-22.85
-12.900000000000004
-22.950000000000003
-22.7
-10.95000000000001
-24.75
1.3999999999999808
-8.850000000000001
-13.050000000000004
-20.950000000000003
-10.450000000000005
-12.450000000000006
-23.650000000000002
-20.950000000000003
-10.05
-19.400000000000002
-9.850000000000005
-21.8
13.2
-8.25
-21.450000000000003
-21.0
-23.5
-23.15
-23.6
-20.950000000000003
-19.35
-23.35
-22.450000000000003
-22.75
-21.25
-23.0
-22.400000000000002
-20.85
-20.950000000000003
-19.900000000000002
-22.25
-22.35
-19.95
-22.8
-22.85
-19.900000000000002
-24.7
-19.45
-21.55
-22.8
-20.85
-10.950000000000005
-12.050000000000011
-21.450000000000003
-9.750000000000005
-21.1
-21.35
-21.450000000000003
-22.900000000000002
-12.700000000000005
-8.800000000000002
-9.650000000000002
-23.1
-8.900000000000016
-9.500000000000002
-9.250000000000002
-9.25
-21.75
-22.1
-22.55
0.3499999999999943
-22.35
-19.2
-11.650000000000006
-11.85000000000001
1.4999999999999964
-20.85
-21.1
-19.8
-20.7
-20.0
-8.25
-21.55
-18.75
-21.25
-23.650000000000002
-22.25
-19.3
-22.55
-8.600000000000001
-22.8
-12.850000000000007
-20.85
-21.85
-20.400000000000002
-19.8
-18.400000000000002
-11.150000000000007
-21.35
-23.05
1.0499999999999972
-21.900000000000002
-21.25
-22.5
-21.35
-22.450000000000003
-21.450000000000003
-9.750000000000002
-21.75
-19.55
-12.650000000000002
-22.450000000000003
-21.75
-22.8
-20.55
-23.5
-20.900000000000002
-21.3
-22.75
2.3499999999999908
-20.400000000000002
-22.25
-19.8
-10.250000000000004
-22.8
-20.7
-22.55
-0.95000000000001
-10.750000000000007
-23.650000000000002
-11.200000000000003
-20.3
-8.450000000000001
-21.8
-22.900000000000002
-21.700000000000003
-10.750000000000007
-7.850000000000005
-7.450000000000008
-12.500000000000004
-22.25
-21.900000000000002
-11.750000000000004
-24.450000000000003
-20.25
-20.200000000000003
-1.2000000000000064
-11.250000000000004
-22.25
-21.650000000000002
-20.75
-21.200000000000003
-0.8000000000000043
-11.700000000000006
-10.250000000000002
-12.150000000000006
-22.700000000000003
-12.449999999999994
-10.250000000000004
-20.3
0.19999999999999574
-18.400000000000002
-8.900000000000006
-11.85000000000001
-23.1
-22.700000000000003
-20.85
-21.8
-11.95
-22.8
-12.000000000000005
-11.100000000000003
-8.850000000000007
-21.6
-13.350000000000001
-21.3
-20.8
-20.85
-18.6
-20.85
-22.25
-21.900000000000002
-21.0
-20.8
-21.3
-22.1
-20.1
-7.650000000000006
-21.900000000000002
-20.900000000000002
-20.85
-10.550000000000004
-11.100000000000005
-21.900000000000002
-22.450000000000003
-9.650000000000006
-22.900000000000002
-20.700000000000003
-20.55
-22.200000000000003
-9.450000000000003
-22.900000000000002
-22.0
-9.300000000000002
-20.650000000000002
-20.900000000000002
-11.300000000000006
0.649999999999995
-22.55
-22.1
-10.300000000000008
-23.6
-20.8
-21.900000000000002
-22.55
-9.750000000000002
-9.250000000000002
-21.25
-11.300000000000004
-22.25
-21.0
-19.75
-22.900000000000002
-9.250000000000002
-23.1
-21.55
-20.900000000000002
-22.8
-21.35
-22.55
-20.900000000000002
-21.8
-22.450000000000003
-22.3
-21.55
-20.2
-22.900000000000002
-21.8
-22.35
-21.8
-9.700000000000003
-22.900000000000002
-11.250000000000004
-23.0
-9.800000000000002
-10.000000000000004
-9.350000000000001
-8.100000000000003
-23.5
-19.35
-21.55
-22.0
-9.900000000000002
-21.35
-23.0
-12.800000000000002
-20.55
-21.35
-23.0
-10.800000000000002
-22.55
-19.25
-22.0
-8.050000000000006
-20.55
-20.900000000000002
-20.55
-21.0
-9.900000000000002
-22.0
-22.35
-21.650000000000002
-19.900000000000002
-21.55
-22.75
-22.35
-22.8
-21.900000000000002
-21.650000000000002
-11.250000000000004
-22.0
1.9499999999999957
-12.000000000000004
-9.850000000000001
-22.450000000000003
-22.900000000000002
-18.650000000000002
-11.050000000000002
-0.5500000000000043
-7.100000000000005
-22.900000000000002
-9.800000000000002
-21.450000000000003
-23.0
-9.750000000000005
-20.650000000000002
-10.700000000000003
-20.1
-21.1
-20.85
-22.200000000000003
-23.1
-21.900000000000002
-12.650000000000007
-22.8
-9.200000000000001
-8.55
-21.25
-19.1
-21.35
-21.900000000000002
-23.450000000000003
-19.1
-22.1
-22.450000000000003
-9.950000000000008
-18.900000000000002
-22.900000000000002
-20.650000000000002
-20.75
-19.900000000000002
-22.35
-20.900000000000002
-21.450000000000003
-23.0
-20.35
-10.250000000000004
-20.55
-20.900000000000002
-21.55
-12.500000000000014
-20.2
-21.0
2.099999999999996
-21.0
-21.1
-20.1
-22.8
-23.1
-21.900000000000002
-21.2
-10.550000000000002
-0.7000000000000028
-9.200000000000001
-21.0
-9.950000000000003
-21.950000000000003
-9.550000000000004
-23.1
-21.25
-23.1
-18.400000000000002
-22.0
-21.450000000000003
-22.450000000000003
-23.400000000000002
-22.35
0.9499999999999957
-21.900000000000002
-21.55
-20.55
-22.75
-23.1
-20.8
-22.900000000000002
-8.8
-21.900000000000002
-7.8500000000000005
-21.8
-22.8
-21.8
-10.450000000000005
-21.0
-21.450000000000003
-12.100000000000005
-0.5500000000000043
-19.35
0.44999999999999574
-9.200000000000001
-22.55
-19.35
-10.550000000000017
-21.35
-3.552713678800501e-15
-10.400000000000002
-23.200000000000003
-20.45
-22.55
-7.300000000000004
-22.450000000000003
-22.35
-21.900000000000002
-19.8
-19.25
-22.450000000000003
-22.75
-24.05
-10.000000000000004
-20.55
-21.900000000000002
-13.100000000000005
-19.900000000000002
-12.750000000000005
-22.55
-23.0
-20.75
-20.75
-22.450000000000003
-22.900000000000002
-9.900000000000004
-0.600000000000005
-23.3
-21.8
-23.0
-10.850000000000003
-8.40000000000001
-20.75
-12.100000000000005
-23.6
-23.650000000000002
-23.200000000000003
-8.850000000000003
-22.200000000000003
-8.600000000000001
-21.1
-22.75
-22.900000000000002
-10.850000000000007
-22.2
-22.35
-11.350000000000005
-22.900000000000002
-21.85
-21.1
-20.650000000000002
-7.8500000000000005
-24.15
-20.2
-23.1
-12.750000000000004
-21.900000000000002
-10.350000000000012
-8.000000000000004
-9.100000000000001
-23.1
-11.550000000000004
-19.0
-9.000000000000004
-11.500000000000004
-23.1
-22.900000000000002
-8.850000000000003
-21.1
-22.200000000000003
-9.200000000000001
-20.75
-9.800000000000006
-21.0
-9.600000000000001
-19.75
1.0499999999999936
-21.900000000000002
-19.8
-21.35
-8.700000000000005
-20.650000000000002
-9.600000000000003
-23.1
-22.200000000000003
-1.8000000000000043
-9.100000000000003
-8.4
-21.85
-24.05
-23.75
-21.450000000000003
-22.950000000000003
-9.100000000000001
-20.8
-11.800000000000004
-21.900000000000002
-22.8
-22.35
-22.1
-8.700000000000001
-22.25
-20.45
-10.350000000000003
-19.1
-24.0
-22.1
-23.0
-22.900000000000002
-23.400000000000002
-8.5
-22.55
-22.900000000000002
-22.1
-21.0
-21.900000000000002
0.7999999999999972
-10.100000000000001
-23.900000000000002
-19.900000000000002
-21.35
-22.0
-21.6
-20.25
-0.600000000000005
-24.05
-8.750000000000002
-23.400000000000002
-9.000000000000004
-22.55
-22.55
-22.0
-21.900000000000002
-10.600000000000009
-23.4
-21.900000000000002
-19.95
-22.6
-20.0
-23.200000000000003
-19.55
-9.900000000000004
-23.0
-21.25
-20.8
-8.350000000000003
-22.450000000000003
-21.450000000000003
-11.750000000000007
-22.0
-21.450000000000003
-22.200000000000003
-22.450000000000003
-23.3
-21.25
-19.45
-23.0
0.4499999999999922
1.399999999999995
-21.450000000000003
-19.8
-21.0
-12.650000000000004
-20.8
-21.55
-21.0
-19.700000000000003
-21.650000000000002
-21.8
-22.85
-21.900000000000002
-23.0
1.749999999999993
-22.75
-22.35
2.899999999999995
-21.35
-20.2
-8.9
-9.300000000000006
-21.55
-23.3
-22.450000000000003
-21.25
-22.0
-21.900000000000002
-23.0
-19.8
-20.8
-10.100000000000005
-23.900000000000002
-6.600000000000005
-13.850000000000005
-19.35
10.199999999999996
-22.8
-21.35
-0.40000000000000924
10.699999999999985
-21.900000000000002
-21.35
-11.250000000000004
-23.75
-19.35
-10.550000000000002
-12.550000000000008
-21.400000000000002
0.7499999999999982
-20.75
-20.8
-7.900000000000004
-19.35
-9.550000000000002
-8.850000000000007
-23.150000000000002
-21.5
-21.1
-21.3
-22.450000000000003
-22.25
-22.8
-23.450000000000003
-22.900000000000002
-22.900000000000002
-0.9000000000000057
-22.0
-10.95000000000001
-23.3
-21.450000000000003
-20.3
-22.35
-20.45
-22.950000000000003
-20.900000000000002
-22.35
-23.25
-24.45
-23.1
-9.000000000000004
2.79999999999999
-21.8
-1.4500000000000064
-23.8
-9.250000000000009
10.149999999999995
-23.0
-21.05
-20.900000000000002
-22.900000000000002
-31.550000000000026
-21.900000000000002
-23.400000000000002
-20.45
-23.8
-25.799999999999997
-12.850000000000005
1.5999999999999943
-9.15000000000001
-22.900000000000002
-13.700000000000003
-10.050000000000006
-9.750000000000004
-24.599999999999998
-23.1
0.5499999999999936
-10.350000000000003
-11.900000000000004
-20.35
-23.3
-23.700000000000003
-9.450000000000014
-24.299999999999997
3.3499999999999908
-27.34999999999999
0.8499999999999908
-22.8
0.899999999999995
-2.6000000000000085
-23.35
-23.35
-22.35
-21.05
-29.900000000000013
-25.749999999999993
-15.750000000000018
-12.900000000000027
-21.099999999999998
-22.35
-22.450000000000003
-22.3
-21.45
-24.2
-21.7
-8.400000000000006
-0.5000000000000107
-2.3000000000000043
-23.999999999999996
-21.200000000000003
-21.45
0.2499999999999858
0.9999999999999929
9.149999999999991
-21.900000000000002
-10.800000000000013
-0.7000000000000064
-9.000000000000004
-23.25
-23.849999999999994
-31.10000000000002
-11.550000000000006
-22.25
-12.849999999999998
-21.85
-10.250000000000014
-22.85
2.149999999999988
-24.1
-22.8
-14.650000000000027
-11.800000000000004
-20.400000000000002
-9.750000000000002
-13.05
-21.650000000000002
-13.249999999999993
-9.700000000000003
-22.8
-10.750000000000007
-21.25
0.14999999999999147
-18.85
-22.75
-22.450000000000003
-22.45
-21.8
-22.8
-1.70000000000001
-0.9500000000000064
-9.050000000000004
-22.8
-22.8
-19.8
-22.75
-20.8
-10.450000000000003
-22.25
-20.35
-1.5500000000000043
-12.25000000000001
-19.35
-18.049999999999986
-20.8
-26.599999999999987
-21.0
-20.400000000000002
-12.550000000000008
-20.55
-6.200000000000031
-13.350000000000005
-21.75
-21.950000000000003
-9.450000000000014
-21.8
-1.0500000000000185
-22.25
-23.0
-20.8
-22.400000000000002
-11.950000000000005
-22.8
-30.65000000000019
-13.050000000000018
-20.8
-8.950000000000001
-23.15
-1.4500000000000135
-10.850000000000007
-8.4
0.14999999999998792
-23.75
0.3999999999999879
-18.549999999999994
-0.05000000000001137
-22.85
-6.149999999999997
-22.450000000000003
-10.050000000000004
1.0499999999999865
-20.8
-24.8
-22.8
-13.050000000000006
-21.900000000000002
-22.6
1.499999999999993
-21.55
1.1499999999999844
-30.4
-20.0
-20.200000000000003
-1.1500000000000021
-25.999999999999996
-22.8
-22.75
-22.1
-22.450000000000003
-22.900000000000002
-23.2
1.3499999999999908
-12.00000000000002
-12.349999999999998
-13.350000000000012
-1.9499999999999993
-23.3
-21.55
-21.6
-9.650000000000016
-23.55
-22.25
-24.05
-12.150000000000002
-18.550000000000015
-20.8
-11.750000000000005
-22.85
-28.799999999999997
-20.8
-11.250000000000018
-0.40000000000000924
-21.8
-24.15
-0.5500000000000078
-0.35000000000001563
-25.099999999999994
-15.449999999999996
-1.1500000000000092
-11.550000000000004
-24.0
-1.6999999999999922
-22.1
12.34999999999999
0.34999999999999076
-22.25
-1.050000000000015
-0.8500000000000121
-11.650000000000004
-22.9
-19.649999999999988
-1.9000000000000021
1.449999999999985
-20.35
-24.150000000000002
-21.3
2.0499999999999936
-23.3
-2.350000000000005
-22.35
-13.850000000000001
-22.400000000000002
-0.15000000000000924
-0.15000000000000568
-23.1
-9.400000000000004
-21.25
0.6499999999999915
11.249999999999993
1.9499999999999886
-10.850000000000003
-24.0
-1.4500000000000277
-18.649999999999988
-11.150000000000007
-20.8
-12.700000000000003
-9.750000000000002
-11.200000000000006
0.54999999999999
1.799999999999983
-23.799999999999997
-11.150000000000006
1.0499999999999936
-10.100000000000003
-1.0000000000000107
-22.8
-23.999999999999996
-22.9
-21.3
-22.25
-12.55
-22.5
-21.45
-28.599999999999987
-23.5
-22.3
-23.1
-22.8
-19.25
10.399999999999984
-21.85
-10.850000000000003
-22.900000000000002
-15.45
-1.7763568394002505e-14
-23.400000000000002
8.249999999999993
-0.050000000000007816
-19.050000000000008
-11.45000000000001
-23.1
-22.9
-20.8
-11.45000000000001
-21.35
-22.400000000000002
-20.8
-22.25
-21.900000000000002
-19.700000000000003
-23.900000000000002
-19.8
-21.35
-22.1
-20.94999999999999
-12.850000000000001
-11.45000000000001
-8.350000000000001
-11.550000000000017
-22.25
-20.25
-22.25
-14.84999999999999
-22.900000000000002
-7.6500000000000075
-24.25
-0.45000000000001705
3.04999999999999
-22.8
-22.2
-23.1
-13.05
-21.25
-21.8
-22.450000000000003
2.649999999999988
-23.3
-23.200000000000003
-22.950000000000003
-21.25
-21.900000000000002
-9.85000000000001
-22.450000000000003
-20.8
-22.8
-22.45
2.1499999999999915
-19.8
0.14999999999999147
-18.900000000000002
-22.8
-22.0
-0.4000000000000128
-22.8
-22.8
-22.8
-9.25000000000001
-22.8
-22.8
-22.3
-21.1
-21.8
-19.8
-11.350000000000016
-0.05000000000001137
-22.25
-18.949999999999985
2.0499999999999794
-14.650000000000011
-21.25
-21.25
-19.0
-21.25
6.649999999999984
-22.8
-21.25
10.649999999999963
-22.8
-20.8
-19.900000000000002
-8.5
-22.200000000000003
-0.8000000000000043
-22.900000000000002
-11.350000000000009
-21.900000000000002
-20.8
-22.25
-14.2
-22.0
-9.100000000000001
-23.3
-22.05
-23.200000000000003
-22.3
-22.900000000000002
-21.55
-0.8500000000000121
-11.400000000000002
-23.3
-21.25
-22.25
-11.150000000000029
-9.550000000000004
0.2999999999999865
-21.25
-24.649999999999995
-20.49999999999999
-1.1500000000000092
6.499999999999925
-21.450000000000003
-9.350000000000001
-21.900000000000002
-22.200000000000003
-17.599999999999998
-22.25
-21.8
-5.200000000000038
0.8499999999999908
-23.1
-20.8
11.549999999999972
0.7499999999999893
-22.0
-23.1
-22.200000000000003
-21.8
-17.54999999999999
-21.2
-19.8
-23.400000000000002
-22.8
-10.250000000000018
-20.25
-21.8
-22.5
-21.8
-21.950000000000003
-20.1
-21.35
-21.8
-23.1
0.14999999999998792
-19.8
-11.350000000000017
1.8999999999999773
-23.0
7.699999999999971
-20.5
-23.0
-20.25
-33.65000000000003
-5.550000000000054
-22.25
-21.8
-22.25
-20.650000000000002
-15.550000000000018
-19.2
-11.750000000000004
-21.25
-22.900000000000002
-21.450000000000003
-22.3
-23.35
-8.550000000000011
-19.1
-20.25
-23.200000000000003
-22.25
-20.0
-22.25
-21.900000000000002
-13.350000000000003
-22.45000000000001
-19.8
-23.1
-20.8
-22.25
-23.05
-14.05000000000001
-20.650000000000002
-21.35
-20.5
-20.55
-22.599999999999998
-22.450000000000003
-22.400000000000002
-23.35
-21.700000000000003
-18.900000000000002
-22.25
-10.400000000000018
-22.25
-20.25
0.4499999999999815
-0.7500000000000107
-21.25
-22.0
-23.200000000000003
-13.850000000000001
0.8499999999999837
-22.8
-21.200000000000003
-22.25
-23.1
-20.45
-20.8
-21.05
-21.8
-1.100000000000005
-23.05
-18.45000000000002
-22.25
-21.900000000000002
-22.25
-20.0
-21.900000000000002
8.649999999999938
-21.200000000000003
-21.35
-11.65000000000001
-22.25
-20.950000000000003
-21.25
-21.400000000000002
-19.75
-11.250000000000025
2.3499999999999837
-19.8
-22.450000000000003
-11.250000000000004
-23.75
-21.8
11.099999999999987
-23.55
-17.950000000000017
-22.3
-21.8
-23.200000000000003
-6.449999999999985
-23.0
-22.8
-21.25
-22.25
-22.450000000000003
-22.200000000000003
-22.900000000000002
-20.7
-20.8
-2.5500000000000647
-12.050000000000033
0.8999999999999879
-22.25
-21.25
-12.950000000000022
-1.5500000000000007
0.3499999999999801
-2.0000000000000178
-22.0
-17.400000000000205
-0.9000000000000057
4.449999999999882
-6.250000000000103
-22.25
-22.900000000000002
-22.25
-21.950000000000003
-22.8
-22.700000000000003
8.999999999999961
-20.1
-12.550000000000011
-20.600000000000005
-24.199999999999996
-20.7
-21.650000000000002
8.549999999999965
-12.350000000000026
-21.45
-21.8
-16.400000000000034
-11.200000000000003
0.8999999999999915
9.099999999999987
-28.800000000000328
-23.35
-23.3
6.649999999999917
21.899999999999974
9.999999999999968
-21.25
-22.3
-22.0
9.899999999999967
-22.1
-72.64999999999863
-27.54999999999999
-22.150000000000002
-21.700000000000003
-2.800000000000008
-1.8500000000001577
-16.00000000000019
-22.400000000000002
-23.55
34.35000000000001
-21.85
-26.599999999999973
-23.6
8.099999999999987
-20.0
10.249999999999968
2.5999999999999837
-21.8
-51.9500000000003
-22.450000000000003
-22.8
-21.6
-23.05
-21.25
-38.650000000000226
-20.5
11.64999999999998
-24.850000000000115
-27.00000000000028
-19.600000000000136
-22.1
-2.0000000000000178
7.2499999999999645
-12.250000000000004
-21.55
-22.700000000000003
0.44999999999994245
-20.7
11.949999999999989
-22.5
-21.25
0.7999999999999616
-21.7
-21.7
-21.7
-21.75
19.349999999999977
2.4499999999998536
2.1499999999999773
4.449999999999967
-22.8
-22.150000000000002
-21.75
-7.050000000000125
-22.25
-21.55
-21.55
-21.050000000000217
28.999999999999996
-4.350000000000204
-30.05
-19.40000000000015
-9.050000000000143
2.29999999999999
-21.45
24.250000000000025
4.049999999999898
-21.35
-21.75
-66.34999999999988
-55.95000000000017
-23.25
-16.65000000000031
-24.2
-19.94999999999998
10.94999999999995
-23.0
8.700000000000014
21.7
-21.75
-1.400000000000027
-25.549999999999994
-20.200000000000003
-0.4000000000000057
-23.15
22.400000000000002
40.400000000000034
0.5999999999999801
-20.650000000000002
20.7
0.6999999999999851
-36.5500000000001
-12.600000000000007
-21.55
11.049999999999983
-7.100000000000232
12.599999999999905
-1.8500000000000405
-23.6
-21.950000000000003
-21.7
-9.150000000000006
20.79999999999995
-21.75
-20.35
-20.650000000000002
-19.85
-16.150000000000325
-11.650000000000004
-21.7
2.149999999999963
20.800000000000036
-21.75
-10.000000000000117
-21.95
-21.8
10.199999999999978
-2.1316282072803006e-14
-33.75000000000006
-22.200000000000003
21.400000000000073
-22.35
-22.450000000000003
-20.55
-22.85
-39.450000000000124
-20.25
-24.549999999999997
-23.1
-69.89999999999934
16.700000000000014
-22.450000000000003
12.849999999999984
-12.050000000000004
-23.200000000000003
-20.650000000000002
-22.35
-23.0
17.65000000000047
-21.400000000000002
-1.550000000000022
16.55000000000018
-21.7
-50.050000000000566
-22.6
-20.7
-20.650000000000002
-22.55
-19.150000000000002
-22.3
7.399999999999945
-22.200000000000003
-30.450000000000315
-11.200000000000006
-22.35
-21.7
-23.450000000000003
-22.0
-29.650000000000357
37.700000000000315
-13.800000000000122
-21.35
-22.55
39.400000000000034
-20.900000000000002
-130.04999999999552
-25.599999999999998
-21.75
32.95
-21.35
-10.300000000000008
11.699999999999996
-23.3
-23.55
8.099999999999923
9.499999999999957
-81.99999999999605
14.00000000000001
-21.35
-22.0
-22.25
-22.450000000000003
-12.350000000000005
-23.35
-20.45
-21.45
-16.40000000000002
-20.55
-20.45
-29.749999999999993
-60.94999999999884
-22.450000000000003
9.799999999999994
-21.45
-22.8
-22.400000000000002
8.64999999999998
-21.200000000000003
20.399999999999988
-21.45
-22.25
-19.900000000000002
-21.7
-20.45
-22.25
2.499999999999993
-22.25
-20.25
-21.7
-22.65
-22.45
-21.5000000000001
-11.600000000000012
-27.649999999999984
-22.25
15.299999999999994
-1.1000000000000156
-9.450000000000005
-21.7
4.699999999999974
-21.35
-20.35
-20.7
9.299999999999972
9.099999999999987
-21.3
-22.35
-14.550000000000017
-20.85
-24.55
-21.7
8.69999999999997
-20.650000000000002
-20.85
-21.150000000000002
-12.700000000000003
-20.950000000000003
-6.1500000000001265
-12.20000000000001
-22.900000000000002
-22.25
-21.7
-13.300000000000031
-22.35
-11.300000000000008
-22.25
-20.7
-21.900000000000002
-23.55
-11.85000000000001
-22.8
-21.25
-11.600000000000014
-1.95000000000001
21.600000000000005
-22.25
-21.8
0.19999999999997087
-1.300000000000022
-22.200000000000003
-23.0
-10.800000000000015
-9.40000000000001
-21.25
22.34999999999999
-20.7
1.7999999999999616
-19.650000000000002
-23.450000000000003
-22.25
-21.450000000000003
-21.45
-22.1
-21.8
21.449999999999985
0.3999999999999915
-21.400000000000002
-23.1
-3.7999999999999936
-6.700000000000006
-13.350000000000001
-19.7
-22.900000000000002
1.3999999999999844
-21.25
9.89999999999998
-11.600000000000014
-10.750000000000012
-20.650000000000002
-11.050000000000004
-21.150000000000002
-19.7
-20.7
-20.1
8.849999999999973
-6.7500000000000036
-21.400000000000002
41.84999999999998
-20.35
-20.25
-21.55
-10.000000000000012
-12.500000000000007
-22.1
-21.35
-23.1
-20.25
13.099999999999984
-19.25
-22.25
-23.950000000000003
0.19999999999998508
-23.200000000000003
21.50000000000001
-22.450000000000003
-13.000000000000023
-21.7
-2.400000000000059
-10.60000000000001
-19.150000000000002
-20.35
-21.0
-20.7
-19.7
25.550000000000036
-9.40000000000002
9.099999999999966
-20.8
-10.50000000000001
-11.600000000000014
29.35000000000009
-20.7
6.799999999999937
-4.400000000000009
-20.85
-10.450000000000005
-21.35
9.599999999999952
-21.25
-21.150000000000002
-9.550000000000002
-23.3
19.050000000000164
-19.25
-19.25
5.6999999999999496
-21.7
-21.0
-21.7
-22.3
0.6999999999998536
-19.7
-21.25
13.49999999999999
-19.7
-22.900000000000002
25.699999999999985
36.850000000000065
-21.8
-22.900000000000002
20.149999999999952
-20.55
1.9499999999999957
-14.400000000000029
-21.7
-21.7
-20.8
-22.200000000000003
-20.8
-21.950000000000003
-23.1
-20.7
-21.400000000000002
-11.450000000000003
26.15000000000003
0.699999999999978
-21.7
-21.7
7.199999999999957
-20.55
-20.7
-21.8
-21.7
-22.35
29.399999999999988
-111.09999999999722
10.199999999999985
-20.8
-22.8
-20.8
-4.800000000000072
-21.8
-21.35
-0.40000000000004476
-21.7
-21.900000000000002
3.399999999999899
-7.800000000000022
-22.200000000000003
-22.900000000000002
-21.8
-2.3000000000000647
-21.7
24.55000000000008
20.600000000000176
-21.7
-1.2000000000000206
-23.0
-9.250000000000002
-8.95000000000001
-22.8
-20.7
-20.25
-19.25
-13.90000000000003
21.500000000000025
-19.7
-21.85
-21.7
0.29999999999998295
-21.8
2.2999999999998444
3.4999999999999716
-21.7
12.900000000000052
-20.1
-21.8
-22.25
27.25000000000001
37.95000000000009
-118.69999999999597
32.99999999999997
41.150000000000134
-12.200000000000031
-19.25
0.19999999999999574
8.549999999999955
-40.40000000000059
0.7999999999999581
-21.7
-22.25
-19.900000000000002
-22.25
3.649999999999878
-12.50000000000001
-10.900000000000004
0.9999999999999929
-19.8
34.10000000000004
-21.900000000000002
-21.150000000000002
-9.550000000000006
-22.25
-21.8
-20.8
-19.25
2.2499999999999822
-22.8
0.6999999999999922
-20.7
-23.0
-22.0
-22.25
-22.25
9.049999999999994
24.549999999999994
-21.7
-22.25
-20.8
-19.25
19.600000000000048
0.999999999999936
-22.8
-22.8
2.899999999999981
-22.8
-21.7
-22.8
-10.800000000000006
-20.8
-21.7
-11.100000000000005
-22.25
11.699999999999989
-22.25
22.400000000000002
-22.25
22.750000000000053
-20.8
-22.8
-20.7
-21.8
42.750000000000085
-22.25
1.04999999999999
28.900000000000045
-20.7
-22.8
-22.25
11.049999999999983
-22.8
-21.25
11.949999999999992
-20.8
-20.7
-22.25
-21.7
-21.8
-21.8
-20.650000000000002
-22.25
-0.5000000000000142
-21.25
-21.7
-19.25
-21.7
-22.25
-21.25
24.550000000000036
-21.900000000000002
9.19999999999996
19.59999999999995
18.899999999999967
-20.0
-18.249999999999698
-12.10000000000003
24.900000000000002
-12.550000000000004
16.999999999999996
-22.65
32.8
-21.7
-8.850000000000009
-21.25
-11.700000000000028
-21.7
-20.25
-21.1
-21.7
-8.050000000000004
6.499999999999876
-20.950000000000205
-20.0
-21.7
-21.7
-21.25
24.650000000000002
-3.100000000000037
-0.3000000000000078
-22.25
-21.7
10.24999999999999
-10.150000000000027
-20.8
-22.8
-22.25
-21.45
-0.400000000000027
-10.200000000000008
-21.7
12.800000000000093
-21.7
-20.900000000000002
29.499999999999854
16.79999999999991
-22.55
-13.300000000000153
-21.8
-20.25
-20.950000000000003
-22.8
55.35000000000012
-21.7
-22.8
-20.8
-9.600000000000012
-21.8
7.59999999999992
-20.25
34.10000000000004
-20.25
30.55000000000015
-21.0
-20.7
35.550000000000054
-22.8
-19.7
0.49999999999997513
-22.25
-19.25
-21.8
-20.8
-22.25
-22.25
11.199999999999985
12.10000000000002
-10.000000000000005
2.0499999999999954
32.95000000000003
-22.25
-21.25
9.19999999999996
13.700000000000184
-56.85000000000021
35.45000000000012
-19.25
-1.1500000000000306
-20.35
0.34999999999999076
-22.35
-21.7
-8.8
12.550000000000463
-21.25
-22.25
-22.8
-8.00000000000001
-20.25
-21.75
-3.650000000000105
-105.84999999999759
-44.49999999999966
-20.8
-21.8
-22.25
-112.19999999999717
-21.45
23.850000000000005
4.14999999999991
-22.25
-23.35
-20.7
32.60000000000001
-20.900000000000002
25.60000000000002
-20.150000000000002
-22.900000000000002
31.50000000000001
15.800000000000008
24.300000000000008
-21.55
22.700000000000014
-19.25
-0.7000000000000135
-21.7
-24.25
-21.25
-9.10000000000002
-19.650000000000002
-21.25
-22.8
-21.25
26.849999999999962
36.04999999999997
-22.25
30.75000000000008
28.249999999999968
-22.25
-28.450000000000415
0.19999999999998153
8.249999999999982
7.9499999999999496
14.299999999999965
-20.150000000000002
21.900000000000002
19.49999999999992
-12.800000000000033
-23.6
15.399999999999888
19.749999999999982
32.95000000000002
-70.84999999999948
24.50000000000004
-9.550000000000004
-6.600000000000328
-38.54999999999977
31.950000000000014
-21.25
-8.3
-18.10000000000002
21.750000000000025
-21.35
-21.900000000000002
25.499999999999925
-21.35
11.999999999999996
-21.35
0.7499999999998259
-7.600000000000282
-21.7
-22.25
-20.35
12.299999999999986
-54.749999999998224
-46.100000000000264
9.24999999999999
-19.8
-20.7
-21.450000000000003
-22.05
-22.0
-19.25
-20.8
-20.8
-19.8
-8.350000000000003
-21.450000000000003
9.299999999999972
19.349999999999955
-20.8
-21.55
11.54999999999999
-11.450000000000005
-22.25
-3.500000000000039
-20.55
-21.25
-9.25
-9.800000000000013
-1.300000000000022
-14.800000000000033
-22.0
15.34999999999999
29.349999999999977
15.399999999999974
-116.49999999999648
11.749999999999986
-2.050000000000022
-18.7
-9.800000000000008
-21.1
-9.599999999999184
-21.25
-21.45
-24.15
-20.650000000000002
-23.15
-20.150000000000002
-20.55
-21.25
-21.7
-19.0
-18.25
20.800000000000015
-21.8
-20.55
-19.35
-20.200000000000003
-20.55
-20.55
-23.35
33.45000000000009
-19.7
-11.000000000000007
-11.350000000000005
-20.650000000000002
-9.900000000000004
-21.45
-23.200000000000003
-21.1
-21.7
4.549999999999983
-21.0
48.50000000000006
-22.400000000000002
-22.450000000000003
-21.1
-10.700000000000014
34.35000000000008
-21.45
-21.25
-19.8
5.249999999999982
-22.25
-11.200000000000006
-18.8
-3.150000000000034
-21.35
-21.45
-31.85000000000001
-20.8
-22.55
-21.25
-12.600000000000009
-22.75
-1.9000000000000057
-19.8
-12.000000000000028
-22.25
-20.55
-21.8
-20.8
-22.85
47.5500000000001
-21.1
-21.8
-0.3500000000000192
-22.25
-11.350000000000003
-21.35
-23.1
19.749999999999982
-23.85
-21.6
-4.200000000000362
-9.15
33.500000000000014
17.00000000000008
21.75000000000001
-22.25
-20.35
-19.25
-10.750000000000007
-9.3
-21.1
-20.55
-51.4500000000003
-20.75
-7.5500000000001
-19.8
17.199999999999978
-20.8
-20.35
-9.750000000000007
24.700000000000127
-9.650000000000006
-21.35
-18.7
-21.1
-9.350000000000001
-21.25
-21.200000000000003
-14.20000000000002
-18.8
-21.650000000000002
-21.25
-19.8
6.750000000001112
-22.55
29.199999999999715
-18.7
-11.100000000000003
18.000000000000124
-22.3
-21.35
-19.7
-9.650000000000006
-21.1
-21.25
-21.900000000000002
-21.25
-18.8
-20.35
-21.35
30.2000000000002
-20.55
-0.4000000000000128
7.99999999999995
39.849999999999966
33.30000000000001
-20.900000000000002
-21.8
38.650000000000006
31.800000000000065
-20.25
-20.1
-18.7
-7.5499999999996135
-21.25
-21.8
-9.350000000000001
-20.55
-8.3
-18.7
7.5999999999999375
-24.499999999999996
-22.450000000000003
-21.55
20.799999999999994
-22.0
-22.8
-21.8
-20.8
-21.7
-21.25
-13.200000000000026
-22.25
-19.7
-20.55
-22.2
-21.25
-18.700000000000003
-9.250000000000002
-11.350000000000007
-8.3
25.650000000000002
-2.100000000000012
-10.30000000000001
8.14999999999997
-20.55
-22.0
-21.25
-21.8
2.949999999999992
-11.900000000000016
34.50000000000004
-20.55
-8.30000000000001
-21.849999999999998
-20.900000000000002
12.900000000000023
-21.650000000000002
31.200000000000085
-18.8
-23.05
-21.900000000000002
-21.25
-21.8
-21.25
-22.8
20.29999999999998
-21.8
23.499999999999968
-22.0
-20.650000000000002
30.299999999999994
-21.45
-8.750000000000002
-9.65
-9.450000000000005
-9.900000000000016
-1.800000000000015
-21.8
-21.35
-8.350000000000003
-19.35
-12.400000000000023
-20.25
-0.15000000000001634
-20.2
-21.25
-21.45
-21.25
20.550000000000093
-21.25
14.149999999999888
-23.79999999999999
-20.900000000000002
-19.7
0.1999999999999904
11.24999999999999
33.650000000000034
17.900000000000045
-9.25
35.90000000000006
-21.25
50.550000000000054
3.2499999999999645
-22.25
20.4000000000006
-22.25
-20.25
3.8999999999999915
-15.900000000000025
-22.9
23.800000000000008
1.0999999999999872
32.900000000000006
6.699999999999957
15.049999999999994
-18.7
27.20000000000017
-9.250000000000002
-20.650000000000002
-20.25
-24.349999999999998
-23.5
-10.000000000000002
-22.8
-22.0
45.600000000000094
20.100000000000005
-7.199999999999559
-21.1
-22.25
-22.3
-0.7500000000000178
-18.849999999999994
-0.7500000000000497
8.499999999999972
-23.0
-21.900000000000002
-22.200000000000003
-0.5500000000000185
-10.550000000000006
-22.35
-22.25
-21.25
14.049999999999986
9.999999999999993
29.000000000000053
11.499999999999844
-20.25
-20.25
-11.450000000000008
10.75
20.40000000000016
-19.7
-13.45
-21.700000000000003
-22.0
-19.8
-22.950000000000003
9.09999999999997
-17.85000000000001
-29.64999999999999
-25.599999999999984
-19.8
-3.250000000000064
-22.5
-10.350000000000003
-22.8
-20.8
0.0499999999999865
-20.25
-21.35
-20.35
-63.49999999999869
-24.95000000000026
-2.3500000000000227
-20.35
5.499999999999915
6.949999999999957
56.400000000000105
0.9499999999999922
16.249999999999925
-22.400000000000002
1.2499999999999787
32.04999999999998
32.85000000000008
-10.100000000000012
-15.050000000000077
-21.25
-21.1
-20.1
20.200000000000042
-18.8
-18.7
0.549999999999983
-22.25
-12.650000000000013
-20.35
32.200000000000045
-18.7
11.299999999999994
-22.25
-20.8
-2.649999999999597
12.449999999999921
-22.25
-22.200000000000003
26.150000000000087
41.80000000000048
-21.25
-19.8
-20.8
-8.650000000000007
14.450000000000298
-41.00000000000027
6.69999999999996
44.30000000000004
26.849999999999934
28.049999999999994
-12.050000000000004
18.700000000000042
-21.35
-22.650000000000002
-22.25
7.649999999999974
-9.250000000000014
1.6499999999999844
2.699999999999971
-21.25
-23.7
-22.85
-21.25
24.399999999999988
-23.1
-22.150000000000166
-1.1500000000000128
-19.8
-22.35
-20.45
-22.25
-1.3500000000000156
37.05
-20.8
-120.34999999999492
30.750000000000053
-20.7
2.6499999999999844
9.699999999999978
-21.25
-20.2
-22.650000000000002
-22.25
-20.25
-20.55
7.899999999999924
28.050000000000264
-20.2
-20.25
31.74999999999991
-20.900000000000002
-18.7
-7.550000000000004
-21.1
34.00000000000004
-13.600000000000012
-23.25
10.299999999999958
-20.7
-22.7
-20.55
-20.35
4.449999999999946
0.7999999999999758
-21.3
-21.150000000000002
15.099999999999888
6.549999999999962
35.50000000000003
-9.700000000000001
-19.8
1.2999999999999865
-20.7
-10.300000000000006
-20.8
-18.25
-0.6500000000002686
-9.000000000000004
-19.8
-4.750000000000025
-21.25
-23.300000000000416
-22.25
-5.100000000000016
-20.25
39.20000000000017
-11.050000000000013
-21.25
-21.7
-16.750000000000007
28.700000000000127
45.7500000000001
-18.25
-24.400000000000002
-20.5
49.95000000000009
-21.25
-8.850000000000001
-22.0
38.70000000000003
-18.7
-0.2500000000000284
54.80000000000007
-21.55
25.350000000000048
-21.8
63.70000000000003
7.299999999999965
-20.25
39.350000000000364
-20.0
-22.55
-9.65
-13.400000000000002
-21.25
-10.800000000000004
33.500000000000014
38.300000000000054
-11.800000000000011
40.750000000000085
-12.050000000000011
29.70000000000081
23.799999999999923
-21.25
-22.55
9.049999999999944
45.300000000000054
65.40000000000012
-9.65
12.450000000000006
-20.45
-20.1
-21.7
-10.800000000000002
-21.25
-18.25
-11.900000000000137
-11.300000000000006
-21.25
-22.85
29.500000000000053
45.25000000000014
-9.700000000000001
43.65000000000005
51.90000000000005
-21.35
28.35000000000002
-18.7
-21.900000000000002
-22.1
-10.050000000000006
-21.8
19.30000000000005
-8.750000000000005
-20.45
-21.35
-20.45
18.85000000000026
-20.35
-9.65
-1.7000000000000135
2.7999999999999865
-0.35000000000001563
-22.25
-22.25
40.60000000000005
20.15000000000003
35.75000000000003
24.950000000000014
-18.25
-21.7
32.550000000000054
-0.5999999999993264
-9.600000000000012
26.250000000000053
-18.25
6.299999999999947
-9.700000000000001
-21.25
-9.850000000000007
-0.9500000000000242
-21.35
-12.350000000000001
3.34999999999998
-0.35000000000001563
4.599999999999884
2.249999999999993
-9.700000000000001
-21.25
2.3499999999999552
3.2999999999999723
-21.45
-23.65
-0.4500000000000064
28.100000000000517
-21.7
49.750000000000085
-21.25
-19.25
3.2499999999999893
33.15000000000063
-18.7
-20.7
-23.1
-19.35
-20.25
-9.700000000000001
-22.55
-11.800000000000011
-1.050000000000022
-22.8
23.399999999999995
32.75000000000006
9.549999999999983
41.45000000000009
-9.65
-10.500000000000009
-11.450000000000005
29.249999999999883
-20.35
32.250000000000114
18.950000000000028
21.349999999999977
-13.000000000000004
13.450000000000006
-21.35
-21.25
-22.25
-20.35
-9.65
0.7999999999999687
-19.25
-1.0500000000000398
-3.2500000000000426
-19.25
13.749999999999982
43.35000000000008
-22.8
-2.6000000000000085
-11.700000000000014
-21.0
42.20000000000013
-23.200000000000003
-105.44999999999685
0.7999999999999652
-22.55
-21.7
-3.350000000000051
15.90000000000028
-9.700000000000001
-20.7
19.75000000000016
-10.30000000000001
44.300000000000054
-21.7
11.5
-3.800000000000086
32.69999999999999
-0.8000000000000185
-21.7
30.399999999999988
24.69999999999993
-21.7
-9.550000000000004
-9.65
-11.650000000000004
-21.25
0.4499999999999922
1.2999999999999794
-22.8
-21.25
-10.85000000000002
-23.1
-1.200000000000017
38.64999999999996
-21.200000000000003
-11.000000000000005
8.199999999999832
-9.900000000000002
-19.35
-20.55
-11.700000000000005
22.049999999999994
27.850000000000176
-5.3000000000000185
-20.8
-21.25
35.150000000000034
-21.7
11.499999999999993
40.15000000000076
-22.25
-19.25
11.199999999999992
-9.350000000000003
-20.25
-0.7500000000000355
-9.300000000000008
-23.400000000000002
-9.550000000000006
-22.55
0.8999999999999915
-20.7
54.400000000000134
-8.600000000000012
-20.900000000000002
-23.0
-3.0999999999999943
23.700000000000028
-23.200000000000003
26.44999999999987
-9.700000000000001
-21.7
31.450000000000014
-22.55
1.5499999999999794
-11.000000000000005
-8.90000000000001
-21.75
-12.450000000000006
-13.050000000000008
-22.950000000000003
-23.0
-18.7
-21.1
-21.7
24.550000000000107
9.19999999999996
-10.250000000000004
-0.2000000000000206
-9.700000000000001
-9.65
40.750000000000384
1.2999999999999723
-22.0
-10.350000000000016
-21.7
-21.0
34.30000000000008
-22.25
-10.050000000000011
-21.35
-21.8
-20.900000000000002
1.399999999999988
-22.25
-22.200000000000003
-22.3
-9.700000000000001
11.39999999999998
-22.450000000000003
-21.35
-20.400000000000002
-2.2500000000000355
-22.450000000000003
-22.35
-21.7
-12.800000000000002
-10.50000000000001
24.749999999999996
-24.0
-10.450000000000012
53.050000000000026
-21.7
-21.900000000000002
30.850000000000005
-21.7
-20.7
-0.20000000000000995
-10.450000000000005
-20.5
31.10000000000016
-0.30000000000005045
-21.7
32.64999999999998
-20.7
41.500000000000156
-9.650000000000007
30.000000000000025
-10.550000000000004
-9.750000000000007
-0.7000000000000135
11.749999999999986
-1.8000000000000327
11.649999999999974
-8.75000000000001
-11.700000000000012
-21.7
-21.200000000000003
-24.25
-20.45
-19.35
43.900000000000176
30.150000000000073
-21.900000000000002
34.80000000000004
20.399999999999803
-23.4
41.7000000000001
-13.000000000000007
-22.900000000000002
-9.4
-12.250000000000004
50.0500000000001
-19.35
-1.1500000000000448
0.8499999999999872
-28.149999999998684
-11.300000000000004
-22.35
-22.35
-9.700000000000001
-10.000000000000004
-0.550000000000022
-22.0
-2.6000000000000085
-21.0
-9.05
-19.35
-21.1
-21.900000000000002
-20.25
33.70000000000012
-21.7
-20.35
-1.9000000000000732
0.09999999999998721
-19.25
4.899999999999977
19.699999999999957
-21.900000000000002
-20.35
-10.500000000000007
-21.900000000000002
14.800000000000654
34.95000000000012
-21.7
-21.900000000000002
-20.8
55.60000000000015
50.70000000000019
49.40000000000008
-9.100000000000012
-9.350000000000003
-13.400000000000006
-11.000000000000005
-20.35
-21.900000000000002
19.699999999999964
5.299999999999965
-12.250000000000004
-25.349999999998875
-22.200000000000003
-21.1
11.049999999999962
-21.7
-22.0
-20.45
-8.200000000000008
-4.150000000000009
-1.1500000000000092
-11.300000000000008
-22.0
-21.55
41.650000000000205
35.250000000000085
-20.45
43.70000000000012
0.3999999999999879
-20.8
22.850000000002037
39.20000000000003
-19.35
48.20000000000044
-10.650000000000006
-21.05
-20.900000000000002
67.10000000000032
-8.300000000000004
-20.900000000000002
-12.350000000000005
-22.35
-9.700000000000001
-24.89999999999914
-21.0
13.399999999999988
-21.55
-0.2500000000000302
-12.300000000000004
-9.200000000000006
-1.050000000000031
10.899999999999967
-8.200000000000008
-11.600000000000014
66.70000000000013
-22.8
-8.3
-19.650000000000002
-24.0
-10.600000000000012
14.650000000000599
-12.100000000000026
-21.7
-21.45
-23.400000000000002
-0.5000000000000249
65.80000000000034
-21.25
-20.8
-20.8
61.50000000000033
-12.300000000000004
-20.55
-11.250000000000028
-9.150000000000006
-22.9
-10.050000000000011
-22.55
37.85000000000022
-11.550000000000008
-21.35
-20.45
-10.250000000000002
-21.7
-20.8
-0.05000000000001137
-1.000000000000206
24.25000000000001
-8.3
-21.7
-22.55
7.649999999999956
-22.0
17.650000000001565
45.650000000000105
-22.0
-22.8
-1.1500000000000128
21.949999999999985
-24.200000000000003
62.20000000000009
-9.700000000000001
42.500000000000114
-21.8
30.900000000000002
-20.8
-20.45
49.30000000000014
-10.250000000000004
-22.25
55.80000000000018
-10.600000000000014
58.850000000000335
-9.200000000000006
-9.250000000000007
0.6499999999999808
33.10000000000062
-20.45
-87.49999999999612
-10.000000000000018
-21.35
-21.450000000000003
56.350000000000335
68.40000000000052
64.05000000000018
33.550000000000026
49.350000000000605
52.80000000000017
-22.1
56.70000000000017
-9.750000000000004
65.2500000000002
-0.5500000000000185
-10.400000000000007
-1.6000000000000227
-1.40000000000002
-22.35
-9.000000000000002
92.80000000000025
-21.7
31.80000000000015
-9.600000000000012
-22.35
16.900000000000286
-163.8499999999974
-10.450000000000003
1.4500000000021096
-10.900000000000004
-8.550000000000006
-21.200000000000003
-133.39999999999455
53.50000000000006
-0.20000000000003126
5.499999999999915
25.250000000000536
49.95000000000003
36.50000000000044
-13.45000000000002
55.300000000000225
-9.200000000000006
28.449999999999886
68.7500000000002
53.15000000000016
-38.79999999999988
-10.950000000000006
42.100000000000065
19.04999999999995
-28.19999999999999
-12.700000000000044
-21.5
-19.3
-2.3500000000000725
16.249999999999968
-22.5
-21.25
-10.100000000000005
56.00000000000017
35.64999999999992
33.10000000000001
50.5000000000001
16.550000000000065
25.00000000000004
-12.750000000000009
-24.499999999999996
-22.8
-11.300000000000008
44.10000000000031
-108.19999999999716
-18.8
49.70000000000094
-2.6500000000000163
54.65000000000002
-20.7
0.9499999999999886
32.24999999999993
56.800000000000196
-67.14999999999802
62.25000000000085
9.299999999999969
21.100000000001753
43.10000000000025
-54.599999999998616
-4.4000000000000234
-20.7
65.15000000000052
-22.700000000000003
44.200000000000145
20.199999999999985
-11.550000000000004
42.55000000000064
49.70000000000057
-20.25
-87.29999999999673
13.74999999999999
-21.8
-20.8
-21.25
-91.34999999999464
52.750000000000725
-22.8
-14.800000000000022
-22.450000000000003
21.100000000000005
-21.900000000000002
60.90000000000016
-20.900000000000002
-27.99999999999999
-12.750000000000014
65.40000000000016
-0.05000000000003624
-21.0
66.60000000000032
58.10000000000011
11.449999999999982
-20.8
-11.750000000000007
-21.8
19.350000000000055
-90.04999999999826
81.50000000000017
30.39999999999996
-10.550000000000011
-20.8
-19.0
-22.8
12.249999999999975
-119.49999999999574
35.9999999999998
11.099999999999987
46.950000000000074
7.649999999999913
-22.200000000000003
50.700000000000514
-21.900000000000002
95.7500000000002
65.40000000000029
-12.50000000000001
25.400000000000016
-20.900000000000002
-23.55
39.10000000000039
3.8999999999999915
-20.7
2.049999999999976
-10.950000000000012
0.24999999999998224
22.450000000000056
13.10000000000002
106.20000000000022
1.7499999999999911
63.80000000000024
62.50000000000014
11.349999999999987
-0.4000000000000341
32.500000000000014
-9.650000000000006
10.09999999999997
58.050000000000225
-21.35
55.30000000000024
81.65000000000032
-22.8
-12.200000000000003
-9.750000000000007
-21.900000000000002
-22.3
86.75000000000014
-12.100000000000005
-10.550000000000006
0.3499999999999872
-21.900000000000002
-11.200000000000003
0.3999999999999737
2.3999999999999844
0.9999999999999858
1.1999999999999922
-21.900000000000002
-20.900000000000002
21.550000000000022
78.20000000000007
-1.0500000000000362
-20.25
-18.8
-22.35
-20.8
3.999999999999986
66.75000000000011
1.4999999999999893
-21.35
-23.4
47.799999999999926
-97.49999999999557
-13.200000000000006
-2.399999999997995
-34.75000000000057
-22.8
-19.35
-19.2
-21.6
12.54999999999998
-20.25
-22.8
-10.500000000000007
-21.35
57.60000000000004
25.600000000001014
0.19999999999997442
-10.800000000000002
-22.1
-62.94999999999985
3.4999999999999893
-8.100000000000005
40.40000000000035
20.34999999999999
-20.55
-21.8
-9.000000000000004
1.6999999999999922
-22.8
31.700000000000014
-25.749999999999996
2.5999999999999748
-10.500000000000012
-22.25
-20.900000000000002
-10.19999999999903
11.59999999999999
-23.85
71.05000000000007
-10.150000000000015
8.699999999999978
-13.100000000000001
-23.25
-21.25
-9.300000000000004
39.25000000000007
-11.000000000000004
-7.800000000000015
55.0000000000006
6.299999999999901
4.349999999999987
0.04999999999999005
11.149999999999949
32.75
-23.55
-20.45
20.200000000000056
71.4000000000002
16.35000000000002
-8.950000000000001
2.0999999999999748
52.500000000000156
-23.1
-19.2
54.999999999999986
-23.1
45.100000000000065
-20.45
