-0.054262896628009115 0.19582775117151743 0.20477246845815267 -0.15312898868396782
-0.03780982847679433 -0.19510751306210006 -0.05330366057119211 0.14306134649760976
0.5409885405829061 0.7983642918302297 0.9432944219479449 0.4859259449105208
-0.08532346281927833 -0.11818246191933804 -0.1586127574070894 0.01786746688546221
-0.12250595150254492 0.16319349268797098 0.04516765223232759 -0.4917274482445765
0.512908496298141 0.7187908452911372 0.28631221782346744 0.6781588736548961
-0.009265762650266532 -0.013483426699242303 -0.06256608813083592 0.020243375326166
0.15554957518514934 -0.06581880472355259 -0.04115178697159096 -0.20989174396565907
-0.060884463616523415 0.06495526418822456 0.06422668476323465 -0.1706196260669562
-0.16476059027173012 -0.025002613819732056 -0.22621350822337793 0.18246351376225323
0.09071564537803978 0.5887532262716073 0.1282630455400437 0.023283968082475046
1.1879410851208356 0.6979325093265033 1.332626684462767 1.1223936497248546
-0.15153287962291162 0.3367618068217718 -0.22391969661566224 0.015127455573633788
-0.06392698903384844 -0.2980626244190467 0.12240609405186693 0.21160963914442607
2.5546527216318777 2.4759850223673094 2.657214820660967 2.0502974774095786
1.6750427132558727 2.0185513618482345 1.7425636339532553 1.3245590588468308
0.26374149999316193 0.3171383553203362 0.03674257921510999 -0.07663639938221617
1.488613320236268 1.8157401294882758 1.4234028284783449 1.8312802459907522
-0.048062641037122496 -0.10277166834480003 -0.04572105063864742 -0.03305832862116692
0.5215458854726428 0.49352133290269645 0.41257270119510847 0.58387903707288
-0.41343909231606707 -0.07878420603320907 0.07016637624257879 -0.09243286501114793
-0.019225148100626 -0.3863342050492836 -0.3764561231020253 0.060079351800111584
4.442420633601991 4.104640656925892 4.5279127181949255 4.857095754461541
0.32265860002586405 0.36727213660647784 0.4607494996298971 0.16764996500498297
0.26176617333550906 0.11535119937327548 0.09593001456105783 0.052687978291613945
0.18021201399701386 -0.025163540489710833 -0.027960465045841387 -0.1493841589662821
-0.02035602433670326 0.1523102911393135 0.37372693264733353 -0.271629810880817
0.2665817119207853 -0.0744338219333494 -0.04393612076426011 -0.031927141678062564
1.452637059308736 1.0225899970615846 1.3820966142501032 1.92372866713424
-0.15784928468014958 0.20999815308235995 0.09309682995370075 -0.00557622119769038
1.3647921956620663 1.6160651614071162 1.4005962701606538 1.4101107428084874
-0.15795663049614408 0.0815616346989249 -0.1074622496793131 0.20524428011702395
0.10533375899056259 -0.02430968533857922 0.24014894698461237 0.30935379618536046
0.09268376818109732 0.2102608490976894 -0.47809956052388664 0.12463240224704174
2.7325785088849375 2.745372976175457 2.73902198931228 2.7715841426400636
-0.09338118890348766 0.08896725807085928 0.17681153090663085 0.14282493681753358
0.04951854855170732 -0.09415819755181384 -0.12689194356164882 -0.024960913671327
0.3015957237740746 -0.11620599757203726 0.26394230729002455 0.7629376611654577
-0.20697771429074374 -0.08178113610338932 -0.1460513450058718 0.04218043456277723
2.0431359169765453 2.156739444878695 2.1543824378923118 1.8523657112362495
-0.12592857121245316 0.19773747101311984 -0.09177771039574562 0.09977421253910002
2.574501008348145 2.633463271421179 2.423880309463821 2.503991026891619
0.13169685578004933 -0.1197167287023015 -0.010696223069092287 0.036975772700836046
-0.16290433336417645 -0.3475766372989946 -0.16104439878613705 -0.29288880559825936
2.2700120165801208 2.4102220088075836 2.1421022674864454 2.390245489612463
0.5018977521886692 0.4760795578848754 0.775844524416195 0.597543880132905
-0.020912176137247027 -0.1908867043474909 -0.08285680017127157 -0.06276079666071276
0.013346651018333076 0.14053431149809298 0.03171595738012842 -0.10571177062041906
0.08788170242100331 0.29119721965115164 -0.08171785754867401 0.05529518718392871
-0.06142589342457894 -0.23520366336301135 0.1065133338138106 -0.20944557755684595
1.0246959857529667 0.9944947115262084 0.9749665879069083 0.94571659048567
0.2390483816632031 -0.038280303234595595 0.027763320725133274 -0.12306229770205211
-0.1519144001271544 -0.5413205864211423 -0.05645365723408783 0.10439551110866178
0.1135971105677989 -0.0056813689420151465 0.24746056036417693 -0.28400750908899464
2.609953026680462 2.876435842435673 2.260923743153182 2.2291245038444374
0.20766384250342176 0.19510255602790993 -0.2101866330626122 -0.09768161949039728
0.8384168428771926 0.82211388726864 1.067431852062955 0.6208161186855765
0.13678306109479457 0.060508106533278976 0.06571717689768647 0.0337694861724193
0.04886565903068006 0.06694521906827651 0.0011442032497498626 0.28302696475650757
-0.195977549059976 -0.18867928289571373 -0.09557391221118777 -0.21407803702408643
2.0502997160520997 1.5405001874637 2.0193897974635435 1.912082741343696
-0.24207845085949478 0.23207084568635516 -0.03883955491698391 0.09767332534008093
2.5243729892148763 1.9846945924759245 2.0104826242835347 2.122201490215745
1.4172145602848143 1.2103353498753762 1.421235101109796 1.158636249468422
