-0.05426689330911598 0.19609938174240318 0.20484703595937545 -0.15300306799730126
-0.03761212913875788 -0.19504397719160846 -0.053088009874583064 0.14328678655152352
0.5549561784676832 0.8343697269751474 0.9724342621481885 0.5102287532103593
-0.08660352433567965 -0.11845369951383411 -0.15846937713425552 0.017914874085006267
-0.12270462310274487 0.16309459470894327 0.04506697470145127 -0.49159820903972573
0.5226105369919548 0.7364514739234084 0.30291141518834536 0.705049642655493
-0.009082711830101538 -0.013180828192460093 -0.06253934202423793 0.020302364473037376
0.1557820469531733 -0.06574688219419429 -0.041213496870075486 -0.20984830463322904
-0.0630930671682072 0.06426044277727128 0.06541256449569495 -0.16965037647559503
-0.1647325941304672 -0.024925220639329223 -0.22614857851842415 0.1825053136685544
0.09346813925073577 0.5991436329964815 0.1391406279945629 0.029186332751958314
1.2066031960292913 0.7447840456853018 1.3729920737445491 1.163573486588824
-0.15239860594845603 0.3355344875546014 -0.22332423688885442 0.01598903790393073
-0.06399849364060306 -0.2980445484406565 0.12254404030776025 0.21157128877720727
2.59148455985456 2.578681135505762 2.7483670736512584 2.1585202467407694
1.7046171747784784 2.092464313560985 1.8099575315959455 1.3926991614282414
0.26525726280649675 0.3231385987489774 0.039457010088907 -0.06805616086843003
1.5200136371803834 1.8853875849489368 1.4864381659056003 1.8954527924510185
-0.0479554643182761 -0.10263995436150888 -0.045953886550785764 -0.032845615110028266
0.5303718343829451 0.5120584498971861 0.4312292154662043 0.6073624549008804
-0.41242314889407605 -0.07485965349793584 0.07078074979697818 -0.09534620133168084
-0.021146177075866645 -0.38624901145471213 -0.37607933725320947 0.06039874508200718
4.5252467018024305 4.294372319214224 4.694750501903943 5.04111439194002
0.32739794826907276 0.38258515498858264 0.4729218655959848 0.18053613945387176
0.2635789516469363 0.11796635820169347 0.09805632286692284 0.057229453185583756
0.18122622623368584 -0.02494372859324155 -0.02722768005293498 -0.15047485115224823
-0.021849410033977633 0.15333637600604083 0.3741812775887715 -0.2702800039404779
0.26741113997040844 -0.07329979379259434 -0.04363300904780099 -0.03142301596733622
1.4800522698816254 1.0824659738971623 1.4342914121917858 1.9803222925081483
-0.15802835997813758 0.2110174062045011 0.09632200877545327 -0.005149812241517047
1.3880812406598406 1.680413858388064 1.45653591244535 1.4688982577262575
-0.15688796499687857 0.08290086787712128 -0.10577158870692197 0.20066077858035233
0.10876752886205623 -0.015984512827331456 0.24612423297943845 0.31270598520299336
0.09299141147992236 0.21030163705412505 -0.47822303989868664 0.1249594146593911
2.7790754372659427 2.8630504593463106 2.8414908744698115 2.88729945936628
-0.09280901407869874 0.0927576357194078 0.1781085561972506 0.14552958702708305
0.04923854090182434 -0.09434178746149027 -0.1269823765841451 -0.024651848545344638
0.3109518851445202 -0.09986402412269868 0.27660072003846087 0.7669279600805254
-0.20538933698099995 -0.07962175171460609 -0.14377067410500366 0.03666657461329335
2.078844236271893 2.2448209144434643 2.2319110773097446 1.938616457914703
-0.12666480632843136 0.1974730957122708 -0.09081494453956204 0.10034463239045596
2.617716345809509 2.7385317049933455 2.5174761330198145 2.612070120719875
0.13187731152278995 -0.1194285022888433 -0.010629551574241511 0.03706444642998698
-0.16280823187454768 -0.34695622994280606 -0.16144102781868983 -0.2927835423406609
2.311006740213668 2.5078965957157147 2.228193268666288 2.485223017490346
0.5130614654626866 0.5033069540449787 0.7983268773893545 0.6190774710323808
-0.020920538784576066 -0.19098708691567182 -0.08279185537638596 -0.06250373074205665
0.013953273028098729 0.14163827110248534 0.031768057610403654 -0.10469515847391676
0.08877675739102621 0.2941808520405169 -0.07958921877481374 0.05903606926504199
-0.061839209273036086 -0.2348403317576923 0.10632390206109639 -0.20941519277686205
1.0411966633361704 1.0374605600636855 1.0133842346399762 0.9871847785236272
0.23934020969788597 -0.03659571784447331 0.02899682038821534 -0.11951583057415609
-0.1490692928395649 -0.5391787695262671 -0.054522351823294124 0.10040668344965431
0.11416438006783394 -0.005127917140047265 0.24662595705820003 -0.2833650357143628
2.650641177140215 2.9811646596560446 2.355053644149822 2.3376229068538237
0.20635008371643457 0.1957024924840151 -0.21034991610459777 -0.09696007353071337
0.850682243141949 0.8582681444691349 1.0996142792586485 0.659102065694644
0.13726376529894943 0.06278867779287936 0.06796070891785644 0.035722514635843694
0.048950637814622 0.06799661753846563 0.002261221872371127 0.2882130927258318
-0.19594908411013598 -0.18863318167927856 -0.09559728908328435 -0.21415659296029385
2.0818486872017377 1.6203469700762023 2.087749805752002 1.9902810058776816
-0.2414333643796494 0.2328924145502244 -0.03861233683735839 0.09883463319330206
2.5607253845902984 2.076021237051928 2.0909227703302276 2.2119444244520774
1.4343545590337077 1.2638823537196717 1.4689584395254203 1.2213936231185603
