0.21786343346150422 0.29418285678372363 0.3922840560970679 0.562648198314306
0.3268030729886605 0.31049208946481516 0.19724058075225182 0.11022578707623189
0.2325413274840463 0.37569455523994344 0.10354322471946951 0.05321715272247935
0.3075049184901727 0.7259330795081314 0.5062136070018463 0.4360350329414489
1.0942827787495875 1.0298951521386455 1.1612659147310342 1.1420358992303334
-0.062023323643778196 -0.128210653095842 0.03669233814587768 0.09019531679216823
0.22178761774604644 0.16212671305175544 0.20513028798144653 0.4152036000999099
0.05857409622505579 0.1269186081355239 -0.044405438294915334 0.2911598187904786
0.16932754107151518 0.0018205612959019944 -0.01729156115587651 0.21372153500294552
0.07704508616887798 0.016089733219478135 0.04284691238909075 -0.04023955392145455
-0.058814552562671325 0.2511105735356783 0.3889469614559766 0.3489189173620699
0.22354491818840092 0.09345694841229045 -0.10767475103282706 -0.16247976549661594
0.08790415523841487 0.19304006423580317 0.04631877337600899 0.17547723363620318
0.029083143939715443 0.11685388373837381 -0.2303239695418721 0.05241020283640263
-0.0978224889186317 -0.0983208807086318 -0.029622071165264573 0.002668124913364972
0.40838016156083634 0.1479007153579641 0.15747969089950647 0.05738147492176546
-0.018765166246193943 -0.1323067309356325 -0.017353593617904513 -0.036388472218680766
0.9335563319502606 0.9680396857831088 0.9429690539107684 0.9820224163118235
0.1601994830573776 0.182210924635746 0.08495914555698257 -0.022987586521412605
0.008771216890298746 -0.0822141791436332 0.2710424261143634 -0.04063843077520062
0.17593152264020478 -0.16420092214955412 -0.27052144756202545 0.05365387230464701
1.1158713933358309 1.0499640227178473 1.100149915966694 1.213075681648542
0.33793362547677425 -0.021608649688112776 0.18369696611475755 -0.25371470180647876
1.0552826391859151 1.3688392828567808 1.4008207897280787 1.3577163291988912
2.4320377086981653 2.0642762850098357 2.2890223560557565 2.2954947973147046
0.015346685711755865 0.020899568397716003 0.05104302163047332 -0.06253616877923819
0.335738143256816 0.2919497010504434 0.033071147025207026 0.3155324668344889
0.15255678681305726 -0.02724553813725844 -0.11802727443955105 -0.0660532950362855
0.23585125269435087 0.013589076308294675 -0.17066112029861796 0.1612596615994347
-0.2493070831179448 -0.020217983516890355 0.1622963154544036 -0.2509777584361622
0.16997739609275703 -0.06798812098972715 -0.03401059925587308 -0.09361101409755294
0.06317934889138473 -0.09965467533176121 0.09768936870765259 0.14613134051612328
0.0699527954351306 0.08010649791854152 0.03880048656242292 -0.0317571303531125
-0.16549445832686452 -0.3426827046145001 0.1865541162819269 -0.03756188947091609
0.48654878018329495 0.3831542185193095 0.6609995723956914 0.2723350773017874
1.035911197406371 0.9537008712298466 0.7767149639373847 0.7266182107369119
0.2528134528822245 0.49192264556016824 0.7466320354320171 0.5535288428859191
0.26983259849713903 -0.11970072727872554 -0.07493851251698574 0.010912265684686942
0.1744716076850716 0.177976386655016 0.08724018535395915 0.016856906961889247
0.025366284668765005 0.009532710399525655 -0.4468291678965902 -0.04349913207117442
0.11699097733127033 0.1959689781759667 0.41980021947624235 0.5049189517044615
1.5585239360126897 1.4740462462564394 1.6924649414544537 1.4593262468789527
-0.06469835438152388 -0.024578057724686186 0.12623585971027043 -0.04740887857595328
0.1408399475224643 -0.15417345213106654 -0.03202494982856184 0.14274655038120018
0.27169970759555223 -0.014169209681160354 0.17569761786661436 -0.11305950893921154
0.7597390442043216 0.8145375484204834 0.6476334511884583 0.716895431359012
0.49596490759656536 0.6077402377275541 0.3051624116608848 0.5287678312427762
0.10864976020037152 -0.09695578167516068 -0.06123836900627482 0.04372039687768667
-0.019368478091856465 -0.10229756258563762 0.11643498472545957 0.1474160475500285
0.6034367379303249 0.7404273171241472 0.5388201821437019 0.6277385491548954
0.12530998596328874 0.15435284396637472 0.07400771994553831 0.1452258630381017
0.11942297423500149 0.37262395109524277 0.06039346119395332 -0.2288733352278166
-0.19627092304508248 0.0005262207940400071 0.06723766406000403 -0.0824794801399512
0.3041667353500078 -0.02614160189166165 -0.06660306267199616 0.014526370546576423
0.0003954179599130066 -0.030170956461847646 -0.3126764633764174 0.20941294316899092
0.9705073083807889 1.0200180775690166 1.2127491032633273 1.014224681427295
0.7252370742081178 0.6396985754652377 0.2234801131823304 0.6711440260106292
1.7814726067781217 1.7927856157257251 1.5160104876287925 1.688502218961541
0.31266681005646735 0.2704372095290864 0.24092820418348596 0.06570546540571974
1.106958938136563 1.1788588399675501 1.203561870121067 1.0367560440764303
0.02880736585061851 -0.20063353690574715 -0.24612335199294838 0.026337933738672777
0.3284403807546748 0.1473818508924584 0.02211325453908343 -0.1723934126874868
0.19993185253372373 -0.024770807547486482 -0.1660737008980735 0.09049984817940013
-0.003909601971110297 0.062062649370853616 -0.0716814279410935 0.045796223515336694
