0.2171916903097009 0.2939327088044883 0.39218199300278334 0.5626482340123315
0.32705843066300017 0.3105329848819373 0.19727474593872885 0.11031964901657795
0.2323368949753432 0.37558686571729005 0.10351689320513113 0.05324111629536533
0.30679628443900125 0.7256263095202139 0.5061783318679124 0.4360333845528881
1.0921350914145236 1.0291057359471218 1.1610592117732754 1.141980808161913
-0.06255177565648197 -0.12835780012107303 0.036659776807659174 0.09011167089186489
0.22168770202994217 0.16203052419255007 0.20517030783109005 0.4152431117167564
0.05857241630011169 0.1268925208859918 -0.04440740318774021 0.29122994219264425
0.1693275410715038 0.001820561295901825 -0.017291561155879567 0.21372153500297233
0.07673918224318657 0.016026025970118953 0.04275935388147716 -0.04023167297765194
-0.05957367840424573 0.25095257915045144 0.3888030106078753 0.34885604950787874
0.2235449181883923 0.09345694841229177 -0.10767475103281429 -0.16247976549658968
0.08771713941180616 0.19296053602357743 0.04634610837310646 0.17544225622193246
0.028825068099621213 0.11673346194599636 -0.23034063787780887 0.052357228128729845
-0.0978224889186182 -0.09832088070862297 -0.029622071165266342 0.002668124913364964
0.40795696643653445 0.1477704514134259 0.15742230076712505 0.057374117859271975
-0.018876126198607356 -0.13239398278191483 -0.01738864434345113 -0.03641052075336508
0.9322030013340196 0.9674722169143399 0.9428928548376987 0.982066582271324
0.16019948305738535 0.18221092463573105 0.08495914555697169 -0.022987586521411637
0.008771216890299414 -0.08221417914363446 0.2710424261143926 -0.04063843077519929
0.17593152264018516 -0.1642009221495681 -0.2705214475620385 0.0536538723046424
1.1141607816156718 1.049208683854371 1.099953723291358 1.2131203651728288
0.3379336254768214 -0.0216086496881134 0.1836969661147407 -0.25371470180648975
1.053312477130227 1.3679697905104664 1.4005714912429228 1.357779268793893
2.4280140729775694 2.062694369723685 2.288618649347181 2.2955166757046355
0.015279341377239995 0.020883526005592474 0.050997847529384605 -0.06253847999271646
0.3357381453075902 0.29194970105375445 0.03307114241240731 0.3155324668345428
0.1525567868130433 -0.027245538137260817 -0.11802727443955402 -0.06605329503629041
0.23534485894244228 0.013374849914059728 -0.17073246393815822 0.16122534235395392
-0.24930708311794703 -0.02021798351689063 0.16229631545437703 -0.2509777584362158
0.1699745423023883 -0.06798918945849655 -0.034011973761956964 -0.09361188894901515
0.06313744264129424 -0.09966889464099335 0.09773622729162847 0.1461164311508011
0.06995279543513942 0.08010649791854305 0.03880048656242429 -0.031757130353107066
-0.16549445832687842 -0.3426827046144884 0.18655411628191995 -0.03756188947091549
0.48570201998409435 0.3828513308803861 0.6608813854587396 0.2723465828240946
1.0346043784500205 0.9531035797401131 0.7766002910087388 0.7266417132018006
0.2520327774643155 0.4916021838100331 0.746575533538985 0.5535470696964563
0.26983259849713814 -0.11970072727873055 -0.07493851251699067 0.010912265684686989
0.1737659723201465 0.17776699159014026 0.08713087652109333 0.016832623649138026
0.02536628466876486 0.009532710399524386 -0.44682916789659477 -0.043499132071172335
0.11620719952346995 0.195766356825713 0.4195953954190695 0.5049089402790701
1.5562169406199668 1.4731280633633639 1.6922046622302824 1.4593818672170358
-0.06469835438151905 -0.024578057724688646 0.12623585971026352 -0.04740887857595725
0.1408399475224391 -0.15417345213104827 -0.03202494982856501 0.142746550381198
0.2710582979890066 -0.014346971260262712 0.1755848060901578 -0.11312275978078025
0.7595232286361826 0.8143218131131644 0.6476589137053438 0.7170185739999748
0.49488289809295427 0.6072896233837825 0.30498301637082004 0.5287433913358044
0.10864976020037018 -0.09695578167517167 -0.06123836900627852 0.043720396877684024
-0.019368478091858262 -0.1022975625856389 0.11643498472545939 0.14741604755004453
0.6021520448636795 0.7399378782569743 0.5386444596505932 0.62775557340291
0.12576193937187904 0.15448860644834977 0.07400203298223004 0.1453931954085639
0.11942297423501297 0.3726239510952464 0.06039346119395336 -0.2288733352277942
-0.19627094877406395 0.0005262208888877522 0.06723766263476645 -0.08247948857187398
0.3038125625674345 -0.02625215996131409 -0.0666549944884683 0.014481689994140696
0.0003954179599130022 -0.030170956461844967 -0.31267646337643196 0.2094129431689932
0.9692263954644026 1.0194656236537125 1.212575588930081 1.0143161067587005
0.7243349880646289 0.6393399056074369 0.22337677423324498 0.6711980262135706
1.7789072429389379 1.7917381246614545 1.5157405051235107 1.6885839923199149
0.3121062657788618 0.27025824637834667 0.24086560059627338 0.06568339267411225
1.105191187513679 1.1781362520725762 1.2033476393186777 1.036773628100153
0.02880210484265206 -0.20063381643526523 -0.24612659290218278 0.026338081742947283
0.3284366725678941 0.14737983141995528 0.022110583263734246 -0.17239521623273052
0.19993185253371054 -0.024770807547485806 -0.16607370089806436 0.09049984817940246
-0.003909601971109749 0.06206264937085379 -0.0716814279410962 0.045796223515342335
